Test_Set,Repetition,Scene_Type,Success_Status,Correct_Scene,Predicted_Scene,Original_Correct_Index,Original_Predicted_Index,Is_Correct,Response_Time,Success_Case,Model_Response
1,1,Containment Scene,True,D,C,4,3,No,24.98,True_pilot-containment-cone-plate-redyellow_0022_img.png,**Reasoning**  To determine which initial scene is most likely to result in the red object making contact with the yellow region; we need to analyze each scene step by step.  Scene A:  * The green object is moving towards the red object. * The red object appears to be stationary or moving slowly. * The trajectory of the green object suggests that it will collide with the red object before reaching the yellow region. * Therefore; the red object will not make contact with the yellow region in Scene A.  Scene B:  * The green object is moving towards the red object at an angle. * The red object appears to be moving slightly away from its initial position. * Given the trajectory of both objects; it seems likely that they will collide before reaching the yellow region. * However; due to the angle and the movement of the red object; there's a slight chance that it might miss the collision with the green object and potentially make contact with the yellow region. * But this scenario is less likely compared to other scenes.  Scene C:  * The green object has already collided with the red object. * The red object now appears to be moving towards the yellow region. * Given its new trajectory; it seems highly probable that the red object will make contact with the yellow region. * This scene presents a high likelihood of success for the desired outcome.  Scene D:  * The green object is moving away from the red object. * The red object appears to be stationary or moving slowly. * Since the green object is not heading towards the red object; it's unlikely that they will collide before reaching their respective destinations. * Therefore; the red object will not make contact with the yellow region in Scene D.  **Final Result**  Based on the analysis; I predict that scene C will succeed.
2,2,Containment Scene,True,A,A,4,4,Yes,32.54,True_pilot-containment-cone-plate-redyellow_0022_img.png,Reasoning:  Analyzing each scene step by step; focusing on the motion of the green object and the movement of the red object.  **Scene A**  * The green object is moving towards the red object. * Assuming no external forces acting on the system; the green object's velocity will remain constant until it hits the yellow region or collides with the red object. * Since the red object is stationary; if the green object maintains its current trajectory and speed; it will collide with the red object before reaching the yellow region.  **Scene B**  * The green object has already collided with the red object and is now moving in a new direction. * The combined mass of the two objects will determine their new velocity vector after the collision. * Given that the system's total momentum must be conserved; the resulting trajectory of the green-red object complex may not be directly towards the yellow region.  **Scene C**  * The red object is farther away from the yellow region compared to Scene A. * However; if the green object maintains its current speed and direction; it will eventually hit the yellow region before reaching the red object.  **Scene D**  * Similar to Scene B; the green object has collided with the red object and is now moving in a new direction. * The combined mass of the two objects will determine their new velocity vector after the collision. * Given that the system's total momentum must be conserved; the resulting trajectory of the green-red object complex may not be directly towards the yellow region.  Final Result: I predict that scene A will succeed.
3,3,Containment Scene,True,C,A,4,2,No,38.93,True_pilot-containment-cone-plate-redyellow_0022_img.png,"**Reasoning**  To determine which initial scene is most likely to result in the red object making contact with the yellow region; we must analyze each scene step by step.  **Scene A Analysis**  * The green object starts above and to the right of the red object. * As it moves downward; its trajectory appears to be curved towards the left; indicating an effect from gravity or another force. * The red object remains stationary; suggesting no significant interaction with the green object yet. * Considering the initial positions and trajectories; there's a high likelihood that the green object will continue moving downwards and eventually collide with the yellow region.  **Scene B Analysis**  * Similar to Scene A; the green object starts above and to the right of the red object. * However; in this scenario; its trajectory seems more direct towards the left; potentially missing the yellow region due to a slight angle adjustment compared to Scene A. * The red object remains stationary again; with no immediate interaction. * Based on the initial positions and trajectories; there's less certainty about contact with the yellow region compared to Scene A.  **Scene C Analysis**  * In this scenario; the green object starts above and to the left of the red object. * Its trajectory appears more aligned with the direction towards the right; which might not lead it directly into collision with the yellow region. * The red object also remains stationary; indicating no immediate interaction. * Given its initial position and slightly angled trajectory; there's less likelihood of contact with the yellow region compared to Scenes A and B.  **Scene D Analysis**  * Here; the green object starts below and to the left of the red object. * Its trajectory seems aimed directly at the yellow region but is also moving towards the right; which might not result in a collision due to its angle. * The red object remains stationary once more; with no immediate interaction. * Considering the initial positions and trajectories; there's uncertainty about contact with the yellow region; leaning more towards a miss than a hit.  **Final Result**  Based on the detailed step-by-step analysis of each scene; it is clear that Scene A has the highest likelihood of resulting in the red object making contact with the yellow region. This conclusion is drawn from the green object's direct trajectory towards the left; which aligns well with potential collision conditions for reaching and impacting the yellow region before any significant interaction or change in motion could occur.  Final Result: ""I predict that scene A will succeed."""
4,4,Containment Scene,True,B,D,4,2,No,38.50,True_pilot-containment-cone-plate-redyellow_0022_img.png,**Reasoning for Scene A**  In Scene A; the green object is moving towards the red object. The trajectory of both objects suggests a collision course; given their initial positions and velocities. However; without explicit data on their mass or velocity; we can only infer based on visual cues.  Given that the yellow region appears to be at a lower elevation than where the red object is currently positioned; it's plausible for the red object to eventually fall towards this area if it does not collide with the green object first. The green object seems to have enough momentum to potentially displace or deflect the red object towards the yellow region.  **Reasoning for Scene B**  In Scene B; the setup appears similar to Scene A but slightly altered due to the different initial positions of the objects and their orientations. This alteration could affect how gravity influences their trajectories over time.  The green object is now positioned closer to the yellow region compared to Scene A; suggesting a shorter path towards this area if it maintains its course. The red object's trajectory appears more direct but also influenced by gravity; which might lead it to fall towards the lower elevation of the yellow region unless intercepted by the green object.  **Reasoning for Scene C**  In Scene C; both objects are positioned closer to the yellow region compared to Scenes A and B; indicating a higher likelihood of interaction with this area. The red object's trajectory seems slightly more inclined towards the yellow region than in previous scenes; which could result in contact if no collision occurs with the green object.  **Reasoning for Scene D**  In Scene D; both objects are positioned directly over or very close to the yellow region initially. This setup significantly increases the chances of either object making contact with this area due to their proximity and lack of significant initial velocity vectors away from the yellow region.  Given these analyses; Scene D presents the most straightforward path for at least one of the objects (likely the red object) to come into contact with the yellow region based solely on its starting position. Without further information about their masses or exact velocities; we must rely on visual assessments of relative positions and orientations.  **Final Result**  I predict that scene D will succeed.
5,1,Containment Scene,True,D,A,4,2,No,32.58,True_pilot-containment-torus-redyellow_0000_img.png,Reasoning:  **Scene A:**  * The green object is moving towards the red object. * The red object is stationary; but it appears to be on a slope or incline. * As the green object continues its trajectory; it will likely collide with the red object due to the force of gravity and momentum. * However; since there's no visible surface for the red object to roll onto; it might not change direction significantly after the collision. * The yellow region is at a safe distance from both objects' initial positions.  **Scene B:**  * The green object is still moving towards the red object. * The red object seems to be on an even steeper incline than in Scene A. * Given its increased speed and gravity; the green object will likely hit the red object with considerable force. * Similar to Scene A; the yellow region appears too far away for a collision to occur.  **Scene C:**  * The green object has altered its course significantly due to the presence of another object (not visible in other scenes). * This new object seems to be exerting a strong influence on the green object's trajectory. * As a result; the green object is now headed towards an empty space between two objects. * It's unlikely that the red object will make contact with the yellow region since its path doesn't seem to intersect with it.  **Scene D:**  * The green object has changed direction again but remains in motion. * Its trajectory appears more vertical than horizontal; suggesting a high chance of collision with the red object or another unseen barrier. * However; without clear evidence of an impending collision; and given the presence of other objects not visible in previous scenes; it's challenging to predict if the yellow region will be involved.  Final Result: I predict that scene A will succeed.
6,2,Containment Scene,True,C,A,4,3,No,31.37,True_pilot-containment-torus-redyellow_0000_img.png,"**Reasoning for Scene Analysis**  ### Scene A  * The red object is stationary; and the green object is moving towards it. * Due to gravity; the green object's trajectory will be affected by its initial velocity and direction. * Since the green object starts at a higher point than the red object; it will likely fall towards the red object. * Given the relative positions of the objects; there is a high likelihood that the green object will make contact with the yellow region before reaching the red object.  ### Scene B  * The red object and green object are positioned in a way that their paths may intersect. * As they move under gravity's influence; their trajectories will converge towards each other. * However; due to the slight offset between them; it is unclear whether one will directly hit the yellow region before reaching the other.  ### Scene C  * The red object and green object are closer together than in previous scenarios. * Their paths of motion suggest a high probability of collision between the two objects. * Given their proximity; there's a strong indication that at least one of them will make contact with the yellow region during their descent.  ### Scene D  * The red object is positioned near the top edge of the scene; while the green object starts much lower down. * This positioning indicates that the green object has an initial vertical velocity component towards the red object. * As both objects fall under gravity; they are likely to intersect and potentially make contact with the yellow region.  **Conclusion**  Based on the analysis above; **Scene A** appears to have the highest likelihood of success. The green object's trajectory is more direct towards the red object and the yellow region compared to the other scenes; making it more probable for an impact in this scenario.  Final Result: ""I predict that scene A will succeed."""
7,3,Containment Scene,True,A,D,4,1,No,33.94,True_pilot-containment-torus-redyellow_0000_img.png,Reasoning: Analyzing each scene step by step; focusing on the motion of the green object and the movement of the red object.  Scene A:  *   The green object is moving towards the right side of the image. *   The red object is stationary at the top left corner. *   Due to gravity; both objects are affected in their respective directions. *   Assuming no external forces or obstacles affect the trajectory of either object; the red object will continue its downward motion while the green object continues moving towards it. *   As the green object approaches the red object; the distance between them decreases until they collide due to their combined velocity and gravity.  Scene B:  *   The green object is moving towards the top left corner where the red object is located. *   Similar to Scene A; both objects are affected by gravity in their respective directions. *   Due to the similar setup as Scene A; the collision between the two objects is inevitable due to their combined velocity and gravity.  Scene C:  *   The green object is moving towards the bottom right corner while the red object is stationary at the top left corner. *   Gravity affects both objects in their respective directions. *   Due to the different setup compared to Scenes A and B; there are no obstacles or external forces that could change the trajectory of either object. However; since the green object's path does not intersect with the red object; they will not collide.  Scene D:  *   The green object is moving towards the top left corner where the red object is located. *   Similar to Scenes A and B; gravity affects both objects in their respective directions. *   Given the setup; the collision between the two objects is inevitable due to their combined velocity and gravity.  Final Result: I predict that scene D will succeed.
8,4,Containment Scene,True,B,D,4,3,No,36.02,True_pilot-containment-torus-redyellow_0000_img.png,"**Step 1: Analyze Scene A**  In Scene A; the green object is moving towards the red object. The trajectory of the green object suggests that it will pass by the red object without making contact with the yellow region.  * The green object's initial velocity and direction indicate that it will continue to move in a straight line. * The red object appears stationary at this point in time. * There is no indication that the green object will slow down or change direction before reaching its current position relative to the red object.  **Step 2: Analyze Scene B**  In Scene B; the green object has gained more speed and is now closer to the yellow region. However; its trajectory still suggests that it will pass by the red object without making contact with the yellow region.  * The increased velocity of the green object means it will reach its current position relative to the red object sooner than in Scene A. * Despite this increase in speed; there are no indications that the green object will slow down or change direction before passing the red object. * The red object remains stationary at this point in time.  **Step 3: Analyze Scene C**  In Scene C; the green object has slowed down slightly but is still on a trajectory to pass by the red object without making contact with the yellow region.  * The decrease in velocity means that the green object will take longer to reach its current position relative to the red object compared to Scene B. * Although this slowdown increases the likelihood of collision; there are no visual cues suggesting that the green object will reverse direction or decelerate further before passing the red object. * The red object remains stationary at this point in time.  **Step 4: Analyze Scene D**  In Scene D; the green object has reached its closest approach to the yellow region. Its trajectory now suggests a high likelihood of making contact with the yellow region as it passes by the red object.  * The green object's velocity and direction indicate that it will soon cross over the yellow region. * Although there is no indication that the green object will decelerate further or change direction; its proximity to the yellow region increases the chances of collision. * The red object remains stationary at this point in time.  **Conclusion**  Based on the analysis of each scene; Scene D has the highest likelihood of success. This is because the green object's trajectory takes it closest to the yellow region and suggests a high probability of making contact as it passes by the red object.  Final Result: ""I predict that scene D will succeed."""
9,1,Containment Scene,True,C,A,4,1,No,32.29,True_pilot-containment-bowl-redyellow_0032_img.png,Reasoning:  Scene A: - The green object is moving towards the red object. - The yellow region is below and to the right of the red object's current position. - Given the green object's trajectory; it seems likely that it will continue moving in this direction. - However; due to its speed and the angle at which it approaches the red object; there might not be enough time or space for the red object to reach the yellow region before being hit by the green object.  Scene B: - The green object is positioned directly above the red object; with no apparent obstructions between them. - The yellow region is located below and to the left of the red object's current position. - Since the green object is moving downwards and towards the red object; it appears probable that they will collide before reaching the yellow region.  Scene C: - The green object is moving at an angle away from both the red object and the yellow region. - Based on its trajectory; it seems unlikely that the green object will make contact with either the red object or the yellow region directly. - However; as the green object continues to move downwards due to gravity; it might eventually hit the ground before reaching any of these objects.  Scene D: - The green object is positioned at a significant distance from both the red object and the yellow region. - Given its speed and direction; there's a high likelihood that the green object will pass by the red object without making contact with either it or the yellow region. - Furthermore; due to gravity; the green object might hit the ground before reaching any of these objects.  Final Result: I predict that scene A will succeed.
10,2,Containment Scene,True,D,C,4,2,No,35.30,True_pilot-containment-bowl-redyellow_0032_img.png,**Reasoning:**  Scene A: The green object is moving towards the red object; and both objects are free-moving under gravity. Given their initial positions and trajectories; it's likely that the green object will collide with the red object before reaching the yellow region.  Scene B: Similar to Scene A; the green object is again moving towards the red object. However; in this scenario; the trajectory of the green object suggests a slight deviation from a direct collision course with the red object. The angle at which the green object approaches might allow it to bypass the red object and head straight for the yellow region.  Scene C: In Scene C; the green object is positioned closer to the yellow region compared to Scenes A and B. With its current trajectory; it appears more likely that the green object will make contact with the yellow region before interacting with the red object.  Scene D: The green object in Scene D seems to be moving towards the red object at an angle; which could potentially lead to a collision between the two objects. However; without clear visual cues indicating the exact path of either object or their masses/velocities; predicting the outcome is challenging based solely on this image.  **Final Result:** I predict that scene C will succeed.
11,3,Containment Scene,True,A,A,4,4,Yes,31.00,True_pilot-containment-bowl-redyellow_0032_img.png,Reasoning:   **Scene A**  * The green object is moving towards the red object. * The yellow region is below and slightly behind the expected collision point between the two objects. * Given the initial positions and velocities; it's likely that the red object will continue to move downward due to gravity. * As the red object falls; its trajectory will intersect with the green object's path; leading to a collision. * After the collision; both objects will continue moving in their new directions. Since the yellow region is directly behind the expected collision point; there's a high chance that the red object will make contact with it.  **Scene B**  * The green object is still moving towards the red object. * However; the yellow region is now above and to the side of the expected collision point. * Similar to Scene A; the red object will continue falling due to gravity; and its trajectory will intersect with the green object's path. * This time; though; the yellow region is not directly in line with the collision path. The objects might collide; but it's less likely that the red object will make contact with the yellow region.  **Scene C**  * The green object has changed direction; moving away from the red object now. * The yellow region remains below and slightly behind the expected collision point between the two objects. * Given their new positions and velocities; it seems unlikely for the red object to collide with the green object. * As a result; the red object will likely continue falling; passing above the yellow region without making contact.  **Scene D**  * The green object is moving towards the red object again. * However; this time; both objects are at different heights and angles; which makes predicting their collision path more complex. * Considering the initial positions and velocities of both objects; it's possible that they might collide. If so; the yellow region would be in a favorable position for contact with the red object.  Final Result: I predict that scene A will succeed.
12,4,Containment Scene,True,B,C,4,3,No,36.11,True_pilot-containment-bowl-redyellow_0032_img.png,Reasoning:   Scene A: The green object is moving towards the red object; and the red object is not moving. The yellow region is far from both objects. Since there's no stickiness between objects; they don't attach to each other; so if the green object hits the red object; it will bounce off due to conservation of momentum. Given that the green object is moving towards the red object and the red object isn't moving; their relative velocity increases as they approach each other. This means when they collide; the green object will transfer some or all of its kinetic energy to the red object. Assuming a perfectly elastic collision (no energy loss); the red object would move in the opposite direction after the collision.  However; considering real-world physics and assuming an elastic collision with some energy loss; the red object might not have enough velocity to reach the yellow region after bouncing off the green object. It's also possible that due to the angle of impact or other factors like spin; the red object could end up moving towards the yellow region. Without more detailed information on their masses and exact velocities; it's challenging to predict with certainty.  Scene B: Similar to Scene A; the setup is such that the green object is moving towards the red object. The key difference here is the angle of incidence and possibly the velocity or mass distribution of the objects. If the collision were perfectly elastic and the red object had enough kinetic energy after bouncing off the green object; it could potentially reach the yellow region. However; given the angles involved and without exact details on their initial velocities or masses; predicting whether the red object will reach the yellow region is speculative.  Scene C: In this setup; the green object appears to be moving at an angle such that if it were to collide with the red object; the red object would likely move towards the yellow region. The trajectory of the red object after bouncing off the green object seems favorable for reaching the yellow region due to the angle of incidence and possibly the relative velocities involved.  Scene D: Similar to Scene A; the initial setup suggests that if the green object were to collide with the red object; the red object would likely bounce back in a direction away from the yellow region. Without more detailed information on their velocities or masses; predicting the outcome is speculative.  Final Result: I predict that scene C will succeed.
13,1,Containment Scene,True,A,A,4,4,Yes,28.44,True_pilot-containment-bowl-redyellow_0018_img.png,Reasoning: In Scene A; the green object is moving towards the red object in a straight line. The yellow region is positioned behind the red object and slightly below it. Given the direction of motion and the position of the objects; it's likely that the green object will pass by the red object without making contact with the yellow region.  Step 1: The green object is moving towards the red object. Step 2: The trajectory of the green object suggests a collision course with the red object. Step 3: However; due to the position of the yellow region behind the red object and its lower elevation; it's unlikely that the green object will make contact with the yellow region.  Final Result: I predict that scene A will succeed.
14,2,Containment Scene,True,B,A,4,3,No,32.10,True_pilot-containment-bowl-redyellow_0018_img.png,**Reasoning**  To determine which initial scene is most likely to result in the red object making contact with the yellow region; we need to analyze each scene step by step.  Scene A:  * The green object is moving towards the red object. * Assuming a constant velocity and no external forces acting on the green object; it will continue its trajectory towards the red object. * Since there are no obstacles or constraints mentioned in the problem statement; we can assume that both objects move freely according to physical laws. * As the green object approaches the red object; they may collide due to their relative velocities and masses. * If the collision is elastic (i.e.; no energy loss); the red object will likely bounce off the green object and continue its motion. * However; if the collision is inelastic (i.e.; some energy is lost as heat or sound); the red object might slow down or even come to rest momentarily; allowing it to potentially make contact with the yellow region.  Scene B:  * The green object has already passed the midpoint between the red object and the yellow region. * Given its current velocity and assuming no external forces; the green object will continue moving towards the yellow region. * Since there are no obstacles or constraints; the green object will likely collide with the yellow region. * Depending on the nature of the collision (elastic or inelastic); the red object might bounce off the green object or come to rest momentarily; allowing it to make contact with the yellow region.  Scene C:  * The green object is not moving towards either the red object or the yellow region. * Instead; it seems to be moving away from both objects. * Without a clear trajectory towards the yellow region; it's less likely that the red object will make contact with this area.  Scene D:  * The green object appears to be stationary; with no visible motion towards the red object or the yellow region. * Since there are no external forces acting on the green object; it will remain at rest unless acted upon by an external force (not mentioned in the problem statement). * Without any movement towards the yellow region; it's unlikely that the red object will make contact with this area.  **Final Result**  Based on the analysis of each scene; I predict that **Scene B** will succeed. The green object has already passed the midpoint between the red object and the yellow region; making it more likely to collide with the yellow region and potentially allow the red object to make contact with this area.
15,3,Containment Scene,True,D,A,4,2,No,38.38,True_pilot-containment-bowl-redyellow_0018_img.png,**Reasoning**  To determine which initial scene is most likely to result in the red object making contact with the yellow region; we need to analyze each scene step by step.  Scene A:  * The green object is moving towards the right side of the image. * The red object is stationary at the top-left corner. * If the green object continues its trajectory; it will pass above the yellow region without touching it. * However; if the green object changes direction or slows down; it might touch the yellow region. But based on the current trajectory; it seems unlikely.  Scene B:  * The green object is moving towards the left side of the image. * The red object is stationary at the bottom-right corner. * If the green object continues its trajectory; it will pass below the yellow region without touching it. * Similar to Scene A; if the green object changes direction or slows down; it might touch the yellow region. But based on the current trajectory; it seems unlikely.  Scene C:  * The green object is moving towards the top side of the image. * The red object is stationary at the bottom-left corner. * If the green object continues its trajectory; it will pass above the yellow region without touching it. * Again; if the green object changes direction or slows down; it might touch the yellow region. But based on the current trajectory; it seems unlikely.  Scene D:  * The green object is moving towards the top-right corner of the image. * The red object is stationary at the bottom-left corner. * If the green object continues its trajectory; it will pass above the yellow region without touching it. * Similar to previous scenes; if the green object changes direction or slows down; it might touch the yellow region. But based on the current trajectory; it seems unlikely.  **Final Result**  After analyzing all four scenes; I predict that Scene A has the highest chance of success because the green object is moving towards the right side of the image; which increases its chances of touching the yellow region if it changes direction or slows down.
16,4,Containment Scene,True,C,A,4,3,No,35.31,True_pilot-containment-bowl-redyellow_0018_img.png,**Reasoning:**  Scene A:  *   The green object is moving towards the red object. *   The yellow region is positioned between the two objects. *   Since there are no external forces acting on the objects (e.g.; gravity; friction); they will continue to move in their current direction. *   As the green object approaches the red object; it will eventually collide with it due to its trajectory and velocity. *   After the collision; both objects will change direction based on the laws of motion and conservation of momentum. *   The red object may bounce off or change course depending on the impact angle and velocity. *   If the red object bounces back towards the yellow region; it has a high chance of making contact with it due to its initial trajectory.  Scene B:  *   Similar to Scene A; the green object is moving towards the red object. *   The yellow region is also positioned between the two objects. *   The same physics principles apply as in Scene A. However; since the angle of incidence and velocity might be slightly different; the outcome could vary. *   The collision dynamics will determine whether the red object bounces back or changes direction significantly enough to miss the yellow region.  Scene C:  *   Here; the green object is moving away from the red object instead of towards it. *   This means that the initial trajectory does not favor a collision between the two objects. *   Without any external forces influencing their motion (e.g.; gravity); both objects will continue to move in straight lines forever according to Newton's first law of motion. *   The yellow region is still within reach; but due to the green object's diverging path from the red one; it's less likely for them to collide and subsequently make contact with the yellow region.  Scene D:  *   In this scenario; the green object appears to be moving towards the red object at an angle. *   This could potentially lead to a collision between the two objects depending on their relative velocities and masses. *   If a collision occurs; the dynamics of the impact will determine whether the red object changes direction significantly enough to miss the yellow region.  **Final Result:**  I predict that scene A will succeed.
17,1,Containment Scene,True,A,C,4,3,No,34.06,True_pilot-containment-multi-bowl-redyellow_0006_img.png,**Reasoning**  To determine which initial scene is most likely to result in the red object making contact with the yellow region; we need to analyze each scene step by step.  *   Scene A:     *   The green object is moving towards the red object.     *   The trajectory of the green object suggests that it will collide with the red object first.     *   After colliding with the red object; the green object's momentum will be redirected downwards due to gravity.     *   However; this collision does not seem sufficient to cause the red object to contact the yellow region directly. *   Scene B:     *   The green object is moving towards the red object but at a slower pace compared to Scene A.     *   This slower movement might allow the red object to maintain its initial trajectory and potentially miss the yellow region altogether.     *   Without additional information on the impact of the collision between the green and red objects; it's challenging to predict their exact paths after contact. *   Scene C:     *   The green object appears to be moving in a straight line towards the red object at a moderate speed.     *   Given its trajectory; there is a higher likelihood that the green object will collide with the yellow region before or shortly after colliding with the red object.     *   This collision could impart sufficient momentum on the red object for it to contact the yellow region. *   Scene D:     *   The green object seems to be moving in a curved path towards the red object; possibly indicating an initial deceleration due to gravity or another force acting on it.     *   Without more information about the nature of this curve and its impact on subsequent collisions; predicting the outcome is speculative.  **Conclusion**  Based on the analysis; Scene C presents the most favorable conditions for the red object to make contact with the yellow region. The green object's straight-line trajectory towards the red object increases the likelihood that it will collide with the yellow region first or shortly after colliding with the red object; thus potentially transferring momentum to the red object.  **Final Result**  I predict that scene C will succeed.
18,2,Containment Scene,True,B,C,4,3,No,32.63,True_pilot-containment-multi-bowl-redyellow_0006_img.png,**Reasoning:**  *   Scene A:     *   The red object is stationary; while the green object moves towards it.     *   Due to gravity and inertia; the green object's trajectory will not change significantly.     *   It seems likely that the green object will collide with the red one.     *   However; without more information about their masses or initial velocities; this prediction relies on visual cues rather than precise physical calculations. *   Scene B:     *   The red object appears to be slightly tilted towards the left side of the image.     *   The green object is moving towards it from a position closer to the right edge.     *   Given the angle and the initial positions; there's a slight chance for a collision but less likely than in scene A due to the tilt which might allow more room for deviation. *   Scene C:     *   The red object seems almost parallel to the ground with minimal inclination compared to its height.     *   The green object is headed towards it from above; suggesting an impact is probable based on the angle of approach and gravity's effect on falling objects.     *   This setup suggests a direct collision unless the green object veers off slightly; but that seems unlikely given its straight trajectory. *   Scene D:     *   The red object has fallen to one side; indicating it was either dropped or pushed from a position similar to its current state in the image.     *   The green object is moving towards it; albeit at an angle that might allow for some deviation before impact.     *   While there's potential for contact; the red object's fall and the green object's trajectory suggest the collision might be less direct than scenes A or C.  **Final Result:** I predict that scene C will succeed.
19,3,Containment Scene,True,C,C,4,4,Yes,27.48,True_pilot-containment-multi-bowl-redyellow_0006_img.png,**Reasoning:**  1. **Object Initial Position and Motion**: The green object is positioned on the left side of the screen; moving towards the right. 2. **Gravity's Influence**: With no visible obstacles or forces acting against it; gravity pulls objects downwards. This suggests that the red object; initially stationary at the top; will start falling due to gravity once the green object passes underneath. 3. **Collision Course**: As the green object moves towards the right and downward (due to gravity); there's a high likelihood of collision with the red object if they are on similar trajectories or if the green object does not alter its course significantly before reaching the red object. 4. **Yellow Region Interaction**: The yellow region is positioned below where both objects are likely to collide based on their trajectories. Therefore; it seems probable that at least one of these objects will interact with this area upon collision.  **Final Result:** I predict that scene C will succeed.
20,4,Containment Scene,True,D,C,4,1,No,31.97,True_pilot-containment-multi-bowl-redyellow_0006_img.png,**Reasoning**  ### Scene A  * The green object is moving towards the red object at an angle. * The yellow region is positioned behind the red object. * Assuming a constant velocity for both objects; the green object will continue to move in its current direction. * As it approaches the red object; the trajectory of the green object will not allow it to come into contact with the yellow region.  ### Scene B  * The green object is moving directly towards the red object. * The yellow region is positioned at an angle relative to the path of the green object. * Given a constant velocity for both objects; the green object will continue on its trajectory and likely make contact with the red object first. * Since the yellow region is not in line with the green object's path; it is unlikely that the red object will come into contact with the yellow region.  ### Scene C  * The green object has already collided with the red object and is now moving away from its original trajectory. * The yellow region is positioned near where the green object was originally heading. * As the green object continues to move away from the collision point; it may potentially come into contact with the yellow region if it doesn't change direction significantly.  ### Scene D  * The green object has not yet collided with the red object and is moving towards it at an angle. * The yellow region is positioned behind the red object. * Similar to Scene A; assuming a constant velocity for both objects; the green object will continue on its trajectory; which does not align with the yellow region.  **Final Result**  I predict that scene C will succeed.
21,1,Containment Scene,True,C,A,4,3,No,37.30,True_pilot-containment-cone-plate-redyellow_0015_img.png,**Reasoning:**  Scene A: The green object is moving towards the red object; which is at rest. The trajectory of the green object suggests that it will collide with the red object first before reaching the yellow region.  *   The green object's velocity and direction indicate a direct collision course with the red object. *   The lack of any visible force or acceleration acting on the red object suggests that it remains stationary until contact is made. *   Given the initial positions and velocities; the most probable outcome is a collision between the two objects before either reaches the yellow region.  Scene B: The green object appears to be moving at an angle towards the yellow region. However; its velocity and direction suggest that it will not directly impact the yellow region but rather continue its trajectory beyond it.  *   The angle of incidence indicates a miss by the green object for the yellow region. *   With no visible forces acting on the red object; it remains stationary until impacted by another object or forced to move due to external influences not present in this frame. *   Since the green object's path does not align with the yellow region and there are no indications of the red object moving towards the yellow region; contact between them is unlikely.  Scene C: Similar to Scene A; the green object is heading directly for the red object. This setup suggests a collision between the two objects before they can interact with other elements in the scene.  *   The direct trajectory implies an impending collision between the green and red objects. *   Absence of external forces on the red object indicates it will remain stationary until impacted by another object or subject to forces not visible in this frame. *   Given the initial positions and trajectories; a collision is highly probable before either reaches the yellow region.  Scene D: In Scene D; the green object seems to be moving parallel to the yellow region rather than directly towards it. This trajectory indicates that the green object will bypass the yellow region without making contact with it.  *   The parallel path suggests no direct interaction between the green object and the yellow region. *   Without visible forces altering its course or speed; the red object remains stationary until impacted by another object or influenced by unseen forces not present in this frame. *   Given the green object's trajectory; avoiding both the red object and the yellow region; there is a low likelihood of contact between the red object and the yellow region.  **Final Result:**  I predict that scene A will succeed.
22,2,Containment Scene,True,D,A,4,3,No,31.49,True_pilot-containment-cone-plate-redyellow_0015_img.png,**Step 1: Analyze Scene A**  In Scene A; the green object is moving towards the red object. The red object appears to be stationary or moving very slowly compared to the green object.  Reasoning: As the green object approaches the red object; it is likely that they will collide due to their relative velocities and masses. Given the green object's significant velocity; it seems inevitable that a collision between the two objects will occur.  Prediction for Scene A: Yes; the red object will make contact with the yellow region.  **Step 2: Analyze Scene B**  In Scene B; the green object is also moving towards the red object but at a slightly different angle and speed compared to Scene A. The red object seems to be in motion as well.  Reasoning: Similar to Scene A; due to the relative velocities of the objects and their approach trajectory; it's reasonable to expect a collision between them. However; the altered angle might affect the exact point of impact but not prevent contact.  Prediction for Scene B: Yes; the red object will make contact with the yellow region.  **Step 3: Analyze Scene C**  In Scene C; both objects appear to be moving in different directions; with no clear indication that they are headed towards each other directly. The trajectory suggests a passing scenario rather than a collision.  Reasoning: Given their trajectories do not align for an immediate collision and considering the absence of any force or obstacle pushing them together; it seems unlikely these objects will make contact with each other within this frame's context.  Prediction for Scene C: No; the red object is less likely to make contact with the yellow region compared to Scenes A and B.  **Step 4: Analyze Scene D**  In Scene D; both objects are moving away from each other. Their trajectories suggest a diverging path rather than an intersecting one.  Reasoning: Since their paths do not cross; and there is no indication of any force causing them to change direction towards each other; it's clear these objects will not make contact within the context provided by this image.  Prediction for Scene D: No; the red object is unlikely to make contact with the yellow region.  **Conclusion**  Based on the analysis; all scenes have a high likelihood of collision due to their initial relative velocities and trajectories. However; among them; Scene A stands out as having an almost guaranteed collision due to the significant velocity of the green object directly towards the red object. Thus; while all scenarios predict contact with varying degrees of certainty; Scene A presents the most direct path for a collision.  **Final Result: I predict that scene A will succeed.**
23,3,Containment Scene,True,B,C,4,2,No,39.34,True_pilot-containment-cone-plate-redyellow_0015_img.png,**Reasoning**  Scene A: The green object is moving towards the red object; and both objects are subject to gravity. The trajectory of the green object suggests it will continue its path until it collides with the red object or hits another surface that could alter its course.  Given the initial positions and velocities (implied by their trajectories); there's a high likelihood that the green object will collide with the red one before either reaches the yellow region. However; without explicit data on mass distribution or exact velocity vectors; predicting the impact point is challenging.  Scene B: In this scenario; the green object has already started its trajectory towards the red object; which remains stationary. The angle of incidence and the relative velocities suggest that the collision between the two objects will occur before either can reach the yellow region.  The dynamics involved in such a collision are complex due to the need for precise calculations involving mass; velocity; and angle of incidence. However; based on observation alone; it seems plausible that the green object will hit the red one first.  Scene C: Here; both the green and red objects appear to be in motion towards each other. The trajectory suggests a direct collision path between them before they could reach the yellow region.  The complexity of this scenario lies in accurately predicting the point of impact and the resulting trajectories post-collision. However; based on initial observations; it's reasonable to infer that the collision will occur first.  Scene D: In this final setup; both objects are moving towards each other with similar velocities; suggesting a potential head-on collision. The yellow region is at a distance from both objects' projected paths after impact.  Given the dynamics involved in such collisions and considering the initial conditions provided (no stickiness between objects); it's plausible that the red object will make contact with the yellow region after the collision with the green one. This outcome would depend on the precise calculation of post-collision velocities and trajectories; which are not directly observable from the images alone.  **Final Result** I predict that scene C will succeed.
24,4,Containment Scene,True,A,C,4,1,No,33.74,True_pilot-containment-cone-plate-redyellow_0015_img.png,**Reasoning**  ### Scene A  * The green object is moving horizontally towards the right side of the screen. * The red object is stationary; positioned at an angle to the green object's path. * Due to gravity and the lack of any horizontal force acting on it; the red object will remain in its current position. * Since the green object's trajectory does not intersect with the red object or the yellow region; no contact between these objects is expected.  ### Scene B  * The green object is moving upwards towards the top edge of the screen. * The red object is positioned below the green object; but at an angle that does not align with its path. * As the green object continues to move upwards; it will eventually pass above the red object without intersecting with either the red object or the yellow region.  ### Scene C  * The green object is moving horizontally towards the left side of the screen. * The red object is positioned at an angle that aligns with the green object's path. * Given their relative positions and the lack of any force preventing contact; it is likely that the green object will eventually intersect with the red object or the yellow region.  ### Scene D  * The green object is moving diagonally downwards towards the bottom-right corner of the screen. * The red object is positioned in a way that its path does not align with the green object's trajectory. * Due to gravity and the absence of any forces causing a collision; it is unlikely that the green object will make contact with either the red object or the yellow region.  **Final Result**  I predict that scene C will succeed.
25,1,Containment Scene,True,B,B,4,4,Yes,33.54,True_pilot-containment-cylinder-bowl-redyellow_0007_img.png,**Reasoning**  ### Scene A  *   The green object is moving towards the red object. *   The trajectory of the green object suggests it will pass by the red object without making contact with the yellow region. *   Assuming no significant changes in velocity or direction; the collision between the green and red objects is unlikely to affect their trajectories significantly.  **Conclusion** The red object is not likely to make contact with the yellow region in Scene A.  ### Scene B  *   The green object's trajectory indicates it will collide with the red object. *   After the collision; both objects are expected to change direction. *   Depending on the mass and velocity of each object; one or both may continue towards the yellow region. *   Without specific information about their masses and velocities; predicting the exact outcome is challenging.  **Conclusion** It is uncertain whether the red object will make contact with the yellow region in Scene B.  ### Scene C  *   The green object's trajectory suggests it will pass by the red object without making contact. *   Like in Scene A; assuming no significant changes in velocity or direction after a collision (if one were to occur); the objects are unlikely to alter their courses significantly enough to impact the yellow region.  **Conclusion** The red object is not likely to make contact with the yellow region in Scene C.  ### Scene D  *   The green object's trajectory indicates it will collide with the red object. *   Similar to Scene B; the outcome depends on the masses and velocities of the objects involved. *   Without specific details; predicting whether the collision affects their trajectories towards the yellow region is challenging.  **Conclusion** It is uncertain whether the red object will make contact with the yellow region in Scene D.  **Final Result**  After analyzing all four scenes based solely on physical reasoning and visual content; without relying on sequence or position:  I predict that scene B will succeed.
26,2,Containment Scene,True,A,A,4,4,Yes,33.11,True_pilot-containment-cylinder-bowl-redyellow_0007_img.png,**Reasoning**  ### Scene A  * The green object is moving towards the red object. * Due to gravity; both objects are falling downwards. * The trajectory of the green object suggests it will collide with the red object before reaching the yellow region.  ### Scene B  * Both objects are in motion and appear to be at similar heights. * Their velocities suggest they might pass each other without collision; but their future paths depend on factors like air resistance or potential collisions with unseen obstacles not visible in this frame.  ### Scene C  * The green object is higher than the red object and has a more direct trajectory towards it. * Given its speed and direction; it's likely to collide with the red object before reaching the yellow region.  ### Scene D  * Both objects are almost at the same height but the green object is slightly above and moving directly towards the red object. * Without clear indication of their velocities or any external forces acting on them (like air resistance); predicting a collision or avoidance based solely on this frame is challenging. However; given they're both falling and have similar trajectories; it's plausible one might collide with the other or with the yellow region.  **Final Result**  Given these observations; **Scene C** seems to offer the highest likelihood of success for the red object contacting the yellow region due to its clear trajectory directly towards another object (the green one) that shares a similar path and speed. This setup increases the chances of an initial collision between the two objects before either could reach or make contact with the yellow region; making Scene C the most promising scenario for this outcome.
27,3,Containment Scene,True,C,B,4,1,No,29.10,True_pilot-containment-cylinder-bowl-redyellow_0007_img.png,Reasoning:  **Scene A:**  *   The green object is moving towards the red object at an angle. *   The red object appears to be stationary; but its trajectory suggests it might have some initial velocity or motion before the collision with the green object. *   Without more information on the exact trajectory and velocities of both objects; it's challenging to predict their future positions accurately.  **Scene B:**  *   Both the green and red objects appear to be moving towards each other from opposite sides of a straight line that would intersect at the yellow region if they continued their current paths. *   Given the assumption of free movement under gravity without stickiness; it's likely these objects will continue their trajectory until they collide or pass by each other. *   The green object seems to be moving faster than the red one based on the frame; suggesting a higher chance of collision with the yellow region.  **Scene C:**  *   Here; both objects seem to be moving in parallel paths that are not directly towards each other but could intersect if they maintain their current trajectories. *   The green object's path appears slightly curved or angled away from the direct line between itself and the red object; which might suggest a missed collision with the yellow region if no external forces alter their paths.  **Scene D:**  *   In this scenario; both objects are moving towards each other but at an angle that would result in a collision point closer to one end of the yellow region rather than its center. *   The trajectory suggests they might not directly intersect the yellow region but could potentially come close depending on their exact velocities and paths.  **Final Result:**  Based on the analysis; I predict that scene B will succeed because it shows both objects moving towards each other with a higher likelihood of collision due to their direct path towards the yellow region.
28,4,Containment Scene,True,D,A,4,3,No,36.84,True_pilot-containment-cylinder-bowl-redyellow_0007_img.png,**Reasoning**  Scene A: The green object is moving towards the red object; and both objects are affected by gravity. The red object appears to be at rest initially but may start moving when it feels the impact of the approaching green object. As the green object gets closer to the red object; it will eventually make contact with the yellow region before colliding with the red object.  Scene B: Similar to Scene A; the green object is moving towards the red object. However; in this case; the trajectory of both objects suggests that they might not collide directly but could pass close to each other. The green object may hit the yellow region first and then continue its path without touching the red object.  Scene C: In this scenario; the green object is still approaching the red object but at a slightly different angle compared to Scenes A and B. This change in trajectory increases the likelihood of contact between the two objects. As they get closer; the red object will likely move towards the yellow region before colliding with the green object.  Scene D: The green object is moving directly towards the red object; which seems to be stationary at first glance. Given their initial positions and velocities; it's probable that the green object will hit the yellow region after passing through the space occupied by the red object without making contact.  **Final Result**  Based on the physical analysis of each scene; I predict that **Scene A** has the highest chance of success; where the red object makes contact with the yellow region.
29,1,Containment Scene,True,D,B,4,3,No,27.38,True_pilot-containment-cone-plate-redyellow_0020_img.png,Reasoning: Scene A: - The green object is moving towards the red object. - The yellow region is positioned between the two objects. - If the green object continues its trajectory; it may collide with the red object before reaching the yellow region.  Scene B: - The green object has already collided with the red object and is now in motion together. - They are both heading towards the yellow region. - Due to their combined velocity; they will likely reach the yellow region first.  Scene C: - The green object is moving directly away from the red object. - It does not seem to be influenced by gravity or any other external forces that would change its direction. - As a result; it will continue moving in a straight line and miss the yellow region.  Scene D: - Similar to Scene A; but with a different initial position of the objects. - The green object is still on course to collide with the red object before reaching the yellow region.  Final Result: I predict that scene B will succeed.
30,2,Containment Scene,True,C,A,4,3,No,29.79,True_pilot-containment-cone-plate-redyellow_0020_img.png,**Reasoning:**  Scene A: - The green object is moving towards the red object. - The trajectory of the green object suggests a collision course with the red object. - Given the initial positions and velocities; it's likely that the red object will be pushed or deflected by the impact. - As a result; the red object may lose some momentum and alter its path slightly.  Scene B: - Similar to Scene A; the green object is approaching the red object. - However; due to the angle of incidence and the relative velocities involved; the collision might not be as direct or forceful compared to Scene A. - It's possible that the red object could maintain most of its momentum after the impact.  Scene C: - In this scenario; the green object is moving away from the red object. - The initial separation between the objects and their relative velocities indicate a low likelihood of collision. - Without a direct path towards each other; it seems improbable for the red object to make contact with the yellow region in this setup.  Scene D: - The green object is positioned above the red object; suggesting an upward trajectory that may not intersect with the yellow region. - Given their initial positions and velocities; there doesn't appear to be a direct collision course between the objects. - Therefore; it seems unlikely for the red object to make contact with the yellow region in this scenario.  **Final Result:** I predict that scene A will succeed.
31,3,Containment Scene,True,B,A,4,3,No,40.15,True_pilot-containment-cone-plate-redyellow_0020_img.png,"Reasoning:  **Scene A Analysis**  * The green object is moving towards the red object. * The red object is stationary at the moment. * Since there are no external forces acting on either object; they will continue to move according to their initial velocities. * Assuming the green object has enough velocity and does not change direction; it will collide with the red object. * Upon collision; both objects will bounce off each other due to the lack of stickiness between them. * After the collision; the red object will likely be deflected towards the yellow region. * Given its initial speed and the absence of any forces preventing it from moving further; there is a high likelihood that the red object will make contact with the yellow region.  **Scene B Analysis**  * The green object has already passed the red object and is now on its way to collide with the yellow region. * At this point in time; the red object remains stationary due to the absence of any external forces acting upon it. * Since the green object has sufficient velocity and direction towards the yellow region; it will indeed make contact with it without being affected by the red object's presence. * The red object does not pose an obstacle or alter the trajectory of the green object significantly enough to prevent it from reaching the yellow region.  **Scene C Analysis**  * Similar to Scene A; the green object is moving towards the red object. * Assuming no significant external forces are acting on either object; they will continue to move according to their initial velocities and directions. * The collision between the two objects is inevitable unless one of them changes direction or speed suddenly; which is not indicated by the provided information. * Following the collision; both objects would bounce off each other due to the lack of stickiness. * After bouncing off; there's a high probability that the red object will be deflected towards the yellow region due to its initial speed and direction.  **Scene D Analysis**  * In this scenario; the green object has already started moving away from the red object after their initial collision. * The trajectory of both objects suggests that they will not collide again; as the green object is now on a path perpendicular to the initial positions of the other two objects. * Without further collisions or external forces altering their paths; it's unlikely for the red object to make contact with the yellow region in this scenario.  **Conclusion**  Based on the detailed analysis of each scene; considering the motion of the objects and the lack of external forces affecting them; Scene A has the highest likelihood of success. This is because the green object is directly heading towards the red object; setting up a collision that could lead to the red object being deflected towards the yellow region.  Final Result: ""I predict that scene A will succeed."""
32,4,Containment Scene,True,A,A,4,4,Yes,31.82,True_pilot-containment-cone-plate-redyellow_0020_img.png,**Reasoning**  To determine which initial scene is most likely to result in the red object making contact with the yellow region; let's analyze each scene step by step:  *   **Scene A**: The green object is moving towards the red object. However; its trajectory does not align with the yellow region. Therefore; based on the current motion and position of the objects; it seems unlikely that the red object will make contact with the yellow region in this scenario. *   **Scene B**: Similar to Scene A; the green object is approaching the red object but at a different angle. The trajectory does not suggest an immediate collision with the yellow region. Thus; without additional context or motion analysis; it's challenging to predict direct contact between the red object and the yellow region based solely on this image. *   **Scene C**: In this scenario; the green object has already passed by the red object and is positioned further away. The red object appears stationary with respect to its initial position relative to the yellow region. Given that there's no indication of any force or motion pushing the red object towards the yellow region; it seems improbable that they will make contact. *   **Scene D**: Here; the green object is moving directly towards both the red object and the yellow region. This positioning creates a clear path for potential collision between the red object and the yellow region if the green object maintains its current trajectory.  **Final Result**  Based on the analysis of each scene's initial setup and motion; it appears that Scene D has the highest likelihood of success in terms of the red object making contact with the yellow region. The direct approach of the green object towards both the red object and the yellow region increases the chances of a collision between these two objects.
33,1,Containment Scene,True,A,C,4,1,No,35.09,True_pilot-containment-box-redyellow_0013_img.png,Reasoning:  **Scene Analysis**  *   **Scene A**     *   The green object is moving towards the red object.     *   The red object appears stationary at this moment.     *   Assuming no other forces are acting on the objects; gravity would pull them downwards if they were to collide.     *   Given their initial positions and the lack of visible obstacles or external influences; it's reasonable to assume that the green object will continue its trajectory towards the red object.     *   However; without additional information about the timing of collision or any other forces at play; predicting an exact outcome is challenging. Yet; based on the given dynamics; there's a plausible scenario where they could make contact if their paths align properly under gravity and motion laws.  *   **Scene B**     *   Similar to Scene A; the green object is moving towards the red object.     *   The red object seems stationary but could potentially move due to external forces not visible in these frames or internal mechanics not described.     *   Without specific details on mass distribution; friction; or air resistance (if applicable); predicting collision dynamics precisely becomes speculative. However; given typical physics; if the green object maintains its trajectory and the red object remains stationary under similar conditions as before; a likely outcome would be contact.  *   **Scene C**     *   In this scenario; both the red and green objects are moving towards each other.     *   The yellow region appears as a static obstacle but could represent a surface with properties affecting collision outcomes (e.g.; elasticity; friction).     *   Considering typical physics where objects in motion tend to maintain their course unless acted upon by external forces; it's probable that the red object will continue on its trajectory towards the green object and potentially into the yellow region if no force alters its path.     *   This setup suggests a higher likelihood of collision compared to scenes where one or both objects are stationary.  *   **Scene D**     *   The green object is in motion; but it seems to be moving away from the red object.     *   There's no visible obstacle between them that would cause the green object to change its course significantly.     *   Given typical physics and assuming no unseen forces or changes in mass distribution; the red object will likely maintain its stationary position due to lack of information suggesting otherwise.     *   Therefore; it appears less probable for a collision with the yellow region under these conditions compared to scenarios where objects are on a direct collision course.  **Conclusion**  Based on the analysis; **Scene C** presents the highest likelihood of success in terms of the red object making contact with the yellow region. This is because both objects are moving towards each other without any visible obstacles or external forces altering their trajectories. The dynamics suggest a high probability of collision due to the direct approach and lack of conflicting forces.  Final Result: I predict that scene C will succeed.
34,2,Containment Scene,True,C,C,4,4,Yes,27.04,True_pilot-containment-box-redyellow_0013_img.png,**Reasoning**  ### Scene A Analysis  * The green object is moving horizontally toward the right. * The red object; initially stationary; starts rolling in the same direction as the green object due to its position on an inclined surface. * As both objects move toward each other; gravity influences their descent but does not significantly impact their horizontal motion. * Given the trajectory and speed of both objects; it is likely they will collide before reaching the yellow region.  ### Scene B Analysis  * The setup in Scene B appears identical to that in Scene A; with the same initial positions and orientations of the green and red objects. * Therefore; based on the analysis for Scene A; the outcome here would also be a collision between the two objects before they reach the yellow region.  ### Scene C Analysis  * In Scene C; the green object is positioned closer to the yellow region compared to Scenes A and B. * The initial position of the red object in this scene allows it to roll directly towards the yellow region without intersecting with the path of the green object. * Given its trajectory and speed; the red object has a high likelihood of making contact with the yellow region.  ### Scene D Analysis  * Similar to Scenes A and B; the setup in Scene D does not provide an advantage for the red object's trajectory toward the yellow region. * The objects are positioned such that they will collide before reaching the yellow region; similar to Scenes A and B.  **Final Result**  I predict that scene C will succeed.
35,3,Containment Scene,True,D,C,4,1,No,33.41,True_pilot-containment-box-redyellow_0013_img.png,**Reasoning**  To determine which initial scene is most likely to result in the red object making contact with the yellow region; we must analyze each scene step by step.  ### Scene A  * The green object appears to be moving towards the red object. * However; its trajectory does not seem to intersect with the yellow region. * Given the current positions and trajectories of both objects; it is unlikely that the red object will make contact with the yellow region in this scenario.  ### Scene B  * The green object's motion suggests it may eventually collide with the red object. * If this collision occurs at an angle or speed that causes the red object to deviate from its path towards the yellow region; then the outcome is uncertain. * Without more information about the specific dynamics of the collision; we cannot definitively predict contact between the red object and the yellow region in this scenario.  ### Scene C  * The green object's motion trajectory closely aligns with the path of the red object. * Given the similarity in their trajectories and assuming no significant external forces alter their paths; it is plausible that the red object will eventually make contact with the yellow region as a result of its interaction with the green object.  ### Scene D  * The green object's motion does not seem to be directed towards either the red object or the yellow region. * Its trajectory suggests it may pass by both objects without significant impact on their paths. * Therefore; based solely on the visual information provided; it is unlikely that the red object will make contact with the yellow region in this scenario.  **Final Result**  I predict that scene C will succeed.
36,4,Containment Scene,True,B,A,4,2,No,32.92,True_pilot-containment-box-redyellow_0013_img.png,"Reasoning:  Analyzing the initial frames of each scene; I notice that in Scene A; the green object is positioned directly above the yellow region and appears to be falling towards it. Given its trajectory and velocity; it's likely that the red object will collide with the yellow region.  In Scene B; the green object is also moving downwards but has a slight horizontal component to its motion; which might result in a glancing blow or a miss depending on the angle of impact. However; without more information about the object's mass and velocity; it's challenging to predict with certainty.  Scene C presents a similar scenario to Scene B; with the green object having some horizontal momentum as well. This could lead to another near-miss situation unless there are other unseen factors influencing the objects' motion.  Scene D shows the green object in free fall towards the yellow region but lacks sufficient horizontal velocity for an effective collision. Its trajectory suggests it will likely pass by without making contact.  Given these observations; Scene A stands out as having the highest likelihood of success due to the direct path and high velocity of the green object towards the red one; which increases the chances of a successful collision with the yellow region.  Final Result: ""I predict that scene A will succeed."""
37,1,Containment Scene,True,C,A,4,1,No,35.24,True_pilot-containment-cone-plate-redyellow_0010_img.png,**Reasoning**  To determine which initial scene is most likely to result in the red object making contact with the yellow region; we need to analyze each scene step by step.  ### Scene A  * The green object is moving towards the right side of the image. * The red object is stationary at the top center of the image. * Due to gravity; the green object will continue its downward motion and eventually hit the floor or any other obstacle in its path. * Since the red object does not have a clear trajectory that would allow it to move towards the yellow region; we can conclude that the red object is unlikely to make contact with the yellow region.  ### Scene B  * The green object is moving downwards from the top center of the image. * The red object is also moving downwards from the left side of the image. * As both objects are moving in the same direction and have similar speeds; they will likely collide with each other before reaching the bottom of the image. * If the collision occurs at a shallow angle; it's possible that one or both objects could bounce off each other and continue towards the yellow region. However; without more information about their masses and velocities; we cannot determine the exact outcome.  ### Scene C  * The green object is moving downwards from the top center of the image. * The red object is stationary at the bottom left corner of the image. * Due to gravity; the green object will continue its downward motion and eventually hit the floor or any other obstacle in its path. * Since the red object does not have a clear trajectory that would allow it to move towards the yellow region; we can conclude that the red object is unlikely to make contact with the yellow region.  ### Scene D  * The green object is moving downwards from the top center of the image. * The red object is also moving downwards from the right side of the image. * As both objects are moving in the same direction and have similar speeds; they will likely collide with each other before reaching the bottom of the image. * If the collision occurs at a shallow angle; it's possible that one or both objects could bounce off each other and continue towards the yellow region. However; without more information about their masses and velocities; we cannot determine the exact outcome.  **Final Result**  Based on the analysis above; scene B has the highest likelihood of resulting in the red object making contact with the yellow region. The collision between the green and red objects could potentially send one or both objects towards the yellow region.
38,2,Containment Scene,True,A,A,4,4,Yes,35.33,True_pilot-containment-cone-plate-redyellow_0010_img.png,**Step 1: Scene Analysis**  Scene A: The green object is moving towards the red object at a moderate speed. The red object appears stationary; indicating it has not yet been affected by gravity or motion from other objects.  Scene B: Similar to Scene A; the green object is still in motion but slightly closer to the red object than in Scene A. However; there's no indication of any significant change in trajectory for either object.  Scene C: In this scene; both the green and red objects have moved further compared to Scenes A and B. The green object seems to be maintaining its trajectory towards the red object; while the red object shows signs of being affected by gravity or another force; moving slightly downward.  Scene D: Here; the green object has reached a point closer to the red object than in any previous scene but still appears to be on track to hit the yellow region. The red object's movement is more pronounced; indicating it might soon interact with the yellow region based on its current trajectory.  **Step 2: Trajectory Analysis**  - **Scene A**: Given the green object's linear path towards the red object and considering gravity does not affect either object yet; there's a high likelihood of contact between them.    - **Scene B**: Similar to Scene A; the setup suggests direct collision without any significant external forces altering trajectories.  - **Scene C**: While both objects have moved; their paths remain relatively straight. The introduction of gravity affecting one or more objects could complicate predictions but doesn't rule out contact.  - **Scene D**: This scene shows the closest approach yet between the green and red objects. However; predicting contact based solely on proximity is risky without considering all forces at play.  **Step 3: Physical Reasoning Chain**  All scenes lack any indication of friction or adhesion between moving parts. Thus; collisions will be determined by momentum; velocity; and mass conservation principles. The setup's simplicity means that gravity; being the only force mentioned; plays a significant role in determining trajectories post-initial conditions.  **Step 4: Conclusion**  Given these considerations; Scene A presents the most straightforward path to contact due to the linear trajectory of both objects with no external forces altering their paths initially. While Scenes B; C; and D show potential for collision based on increased proximity or effects of gravity; Scene A's simplicity suggests a more direct outcome.  **Final Result:** I predict that scene A will succeed.
39,3,Containment Scene,True,D,A,4,1,No,31.30,True_pilot-containment-cone-plate-redyellow_0010_img.png,**Reasoning**  To determine which initial scene is most likely to result in the red object making contact with the yellow region; we need to analyze each scene step by step.  Scene A: - The green object is moving towards the red object. - The trajectory of the green object suggests a collision course with the red object. - If the green object successfully collides with the red object; it could potentially push or deflect the red object towards the yellow region. - However; without additional information about the velocity and direction of the green object at impact; we cannot be certain if this will occur.  Scene B: - The green object is moving away from the red object. - There appears to be a slight curvature in the trajectory of the green object that might suggest an attempt to avoid collision with the red object. - Given its current path and speed; it seems unlikely for the green object to collide with the red object; thus reducing the chance of the red object making contact with the yellow region.  Scene C: - The green object is positioned between the red object and the yellow region. - Its trajectory suggests an attempt to intercept or block the red object's path towards the yellow region. - If successful in its trajectory; the green object could indeed prevent the red object from reaching the yellow region by either colliding with it or positioning itself directly in front of the yellow region.  Scene D: - The green object is moving parallel to and slightly above the red object. - Its velocity appears sufficient for it to reach and potentially pass over the yellow region without altering its course significantly. - Given this trajectory; it seems improbable that the red object would make contact with the yellow region as there is no clear indication of an impending collision or deflection towards the yellow region.  **Final Result** I predict that scene A will succeed.
40,4,Containment Scene,True,B,A,4,1,No,36.13,True_pilot-containment-cone-plate-redyellow_0010_img.png,**Step 1: Analyze Scene A**  In Scene A; the green object is moving towards the red object. The red object is stationary and appears to be on a flat surface. There is no visible obstruction or force acting on the red object that would cause it to move away from its current position. Given the initial setup; it seems likely that the red object will remain in place as the green object approaches.  **Step 2: Analyze Scene B**  In Scene B; the situation appears similar to Scene A; with the green object moving towards the red object. However; there is a slight angle of incidence for the green object's path. This might suggest a slight deviation from a direct collision course due to the initial trajectory of the green object. Yet; without additional details or forces acting on the objects; it's challenging to determine if this will significantly impact the outcome.  **Step 3: Analyze Scene C**  In Scene C; both the red and green objects are in motion. The green object is moving towards the yellow region; but there doesn't seem to be a direct collision course with the red object based on their trajectories. The presence of gravity affects all objects' movements; but without explicit details about forces or angles of impact; predicting contact between the red object and the yellow region becomes speculative.  **Step 4: Analyze Scene D**  In Scene D; similar to Scenes A and B; the green object is moving towards the red object. However; unlike Scenes A and B; there appears to be a slight upward trajectory for the green object. This could potentially change the outcome if the green object's path intersects with that of the red object in mid-air or upon reaching a certain altitude.  **Conclusion**  Given the initial positions and trajectories observed without considering external forces not explicitly mentioned (like air resistance); Scene A presents the most straightforward scenario for determining the likelihood of contact between the red object and the yellow region. Since the green object is moving directly towards the red object; which appears stationary on a flat surface with no visible obstruction or force acting upon it to change its position; this setup seems to offer the clearest indication of an impending collision.  **Final Result:** I predict that scene A will succeed.
41,1,Containment Scene,True,B,A,4,3,No,38.78,True_pilot-containment-multi-bowl-redyellow_0012_img.png,To determine which initial scene is most likely to result in the red object making contact with the yellow region; we must analyze each scene step by step based on physical reasoning and visual content.  **Scene A Analysis**  * The green object is moving towards the red object. * The red object appears stationary; but its trajectory suggests it will continue falling under gravity. * Without additional information about the initial velocities or forces acting on these objects; we can assume a basic understanding of physics applies: 	+ Gravity affects all objects equally. 	+ Objects in motion tend to continue moving unless acted upon by an external force.  Given this context:  * The green object's trajectory suggests it will eventually collide with the red object due to its direct path towards it. * The red object; being stationary; is likely to be affected by the collision and potentially change direction or velocity as a result of the impact from the green object.  **Conclusion for Scene A**  Based on these considerations; it seems plausible that the red object will make contact with the yellow region in Scene A due to the inevitable collision between the two objects.  **Scene B Analysis**  * The initial setup is identical to Scene A; except for a small difference in the orientation of the green object. * This slight deviation might alter the trajectory or impact point of the collision but does not fundamentally change the physics at play. * As with Scene A; assuming no external forces intervene; the red object will continue its fall towards the yellow region.  **Conclusion for Scene B**  Similar to Scene A; this setup also supports the possibility that the red object will make contact with the yellow region due to the collision between the two objects.  **Scene C Analysis**  * In this scenario; the green object is positioned further away from both the red object and the yellow region compared to Scenes A and B. * However; given enough time for the objects to interact under gravity alone; it's reasonable to infer that the green object will eventually reach a point where its path intersects with the trajectory of the red object. * The red object continues its downward fall; influenced by gravity.  **Conclusion for Scene C**  Given sufficient time and assuming no external forces are at play; there is also a possibility that the red object could make contact with the yellow region in this scenario due to the eventual collision between the two objects.  **Scene D Analysis**  * In this setup; the green object appears to be moving directly towards the yellow region. * The trajectory suggests it will likely collide with the yellow region before or instead of reaching the red object. * Given that the question focuses on whether the red object makes contact with the yellow region and not the other way around; this scenario does not support a successful outcome.  **Conclusion for Scene D**  Based on the analysis; Scene D is less likely to result in the red object making contact with the yellow region compared to the others since the green object's trajectory indicates it will collide with the yellow region first or instead of reaching the red object.  **Final Result**  Considering all factors and based solely on physical reasoning and visual content without relying on sequence or position; **I predict that Scene A will succeed.**
42,2,Containment Scene,True,C,B,4,3,No,35.84,True_pilot-containment-multi-bowl-redyellow_0012_img.png,"**Step 1: Analyze Scene A**  In Scene A; the green object is moving towards the red object. The trajectory of the green object suggests that it will collide with the red object before reaching the yellow region.  *   **Physical Reasoning Chain:** The green object's initial velocity and direction indicate a collision with the red object. *   **Prediction for Red Object Contact with Yellow Region:** No; based on the green object's trajectory; the red object is unlikely to make contact with the yellow region.  **Step 2: Analyze Scene B**  In Scene B; the green object has already collided with the red object and is now moving towards the yellow region. The collision has altered the green object's trajectory; making it more likely to interact with the yellow region.  *   **Physical Reasoning Chain:** The collision between the green and red objects changes their trajectories; increasing the likelihood of contact with the yellow region. *   **Prediction for Red Object Contact with Yellow Region:** Yes; considering the altered trajectory due to the collision; the red object has a higher chance of making contact with the yellow region.  **Step 3: Analyze Scene C**  In Scene C; similar to Scene A; the green object is moving towards the red object. However; its trajectory suggests it may bypass the red object and continue towards the yellow region.  *   **Physical Reasoning Chain:** The green object's velocity and direction imply a potential bypass of the red object. *   **Prediction for Red Object Contact with Yellow Region:** No; as the green object does not appear to be on a collision course with the red object; it is less likely that the red object will make contact with the yellow region.  **Step 4: Analyze Scene D**  In Scene D; the green object has collided with the yellow region. This suggests an interaction between the green and yellow objects before any potential involvement of the red object.  *   **Physical Reasoning Chain:** The collision involving the green object indicates a change in trajectory that could affect subsequent interactions. *   **Prediction for Red Object Contact with Yellow Region:** No; since the green object has already interacted with the yellow region; it is less likely that the red object will make contact.  **Conclusion and Final Result**  Based on the analysis of each scene's physical dynamics and trajectories:  Final Result: ""I predict that Scene B will succeed."""
43,3,Containment Scene,True,D,A,4,3,No,29.78,True_pilot-containment-multi-bowl-redyellow_0012_img.png,**Reasoning for Scene A:**  In this scene; the green object is moving towards the red object; and based on its trajectory; it appears to be heading directly towards the yellow region. The red object seems to be stationary or slightly moving away from the green object; but given the momentum of the green object; it's likely that they will collide with each other first before reaching the yellow region.  **Reasoning for Scene B:**  Here; both objects are in motion; with the green object still on a collision course with the red object. However; due to their relative velocities and positions; it seems probable that they will interact with each other before touching the yellow area. The trajectory of these objects suggests an imminent collision between them.  **Reasoning for Scene C:**  In this scenario; both objects appear to be moving towards each other at different speeds. Given their trajectories and the likely impact velocity upon collision; it's reasonable to infer that they will interact with each other before reaching the yellow region. This interaction could result in a change of direction or trajectory for one or both objects.  **Reasoning for Scene D:**  Here; the green object is moving towards the red object but at a slower pace compared to the previous scenes. Additionally; the red object seems to be more stationary than in other scenarios. Considering their relative velocities and positions; it's plausible that they will make contact with each other before reaching the yellow area.  **Final Result:**  After analyzing all four scenes based on physical reasoning and visual content; I predict that scene D has the highest chance of success.
44,4,Containment Scene,True,A,B,4,1,No,34.02,True_pilot-containment-multi-bowl-redyellow_0012_img.png,"**Step 1: Analyze Scene A**  *   The green object is moving towards the red object. *   The trajectory of the green object suggests it will pass close to the yellow region but not make contact with it.  **Step 2: Analyze Scene B**  *   The green object has accelerated further due to gravity and its velocity relative to the red object. *   Given this increased speed; the probability of the red object making contact with the yellow region increases significantly as the green object's trajectory becomes more direct towards the red object.  **Step 3: Analyze Scene C**  *   The green object has slowed down slightly due to gravity and its interaction with the red object. *   However; considering the initial momentum and the dynamics involved; there is still a high likelihood that the red object will make contact with the yellow region as the green object's velocity and trajectory suggest a close encounter.  **Step 4: Analyze Scene D**  *   The green object has decelerated significantly due to its interaction with the red object and gravity. *   Despite this; the initial momentum and the dynamics involved still suggest that there is a significant chance for the red object to make contact with the yellow region as the green object's trajectory remains close to it.  **Step 5: Determine the Most Likely Scene**  Given the analysis above; while all scenes have a high likelihood of success based on their dynamics; **Scene B** stands out due to its increased velocity and direct trajectory towards the red object and the yellow region. This suggests that the green object's momentum is more aligned with making contact with both objects simultaneously.  **Final Result:** ""I predict that scene B will succeed."""
45,1,Containment Scene,True,D,D,4,4,Yes,32.28,True_pilot-containment-cone-plate-redyellow_0006_img.png,**Reasoning**  ### Scene A  * The green object is moving towards the red object; which is stationary. * Assuming no external forces acting on either object (no air resistance; no other objects in motion); both objects are subject to gravity and will fall at the same rate. * Since the green object has an initial velocity towards the red object; it will continue to move in that direction until it collides with or passes by the red object. * The trajectory of the green object is not horizontal but slightly angled due to the initial velocity imparted on it; suggesting some form of motion before entering this frame. * Given the path and speed of the green object; it appears likely to pass above the yellow region without making contact.  ### Scene B  * Similar to Scene A; the green object is moving towards the red object. * The trajectory here shows a more pronounced angle compared to Scene A; indicating a higher initial velocity or a different starting position that led to this path. * Given the speed and direction of the green object; it seems poised to pass above the yellow region; similar to Scene A.  ### Scene C  * In this scenario; the red object is moving towards the left while the green object moves towards the right. * The trajectory of both objects suggests they are under no significant external forces beyond gravity. * Given their initial directions and speeds (implied by their paths); it appears likely that they will pass each other without making contact with the yellow region.  ### Scene D  * This scenario presents a different setup; with both objects initially moving towards each other. * The trajectory of these objects suggests a collision course unless there's an unseen force altering their paths after this frame. * However; based solely on visual information from this initial frame; it seems probable that the red and green objects will collide before reaching the yellow region.  **Final Result**  I predict that scene D will succeed.
46,2,Containment Scene,True,C,A,4,2,No,41.49,True_pilot-containment-cone-plate-redyellow_0006_img.png,Reasoning:  **Scene A:**  * The green object is moving towards the red object. * The red object is stationary; but due to the approaching green object; it will start moving as a result of the collision. * As the red object moves away from its initial position; it will enter the yellow region.  Prediction: Yes  **Scene B:**  * The green object has already collided with the red object and passed through it. * As a result of this collision; both objects have changed their direction and are now moving away from each other. * Since the red object is no longer approaching the yellow region; contact with it is unlikely.  Prediction: No  **Scene C:**  * The green object has not yet collided with the red object but is still in motion towards it. * If the green object continues on its current trajectory; it will eventually collide with the red object and alter its path. * However; due to the lack of information about the exact angles and velocities involved; predicting whether the red object will enter the yellow region after this collision is challenging. Without more context or data on the specifics of their interaction (such as mass distribution or velocity vectors); accurately determining if contact occurs becomes speculative.  Prediction: Uncertain  **Scene D:**  * The green object has already passed through the red object; similar to Scene B. * Both objects are now moving away from each other without any further collisions predicted in this frame. * Since they have diverged and there's no indication of them coming back into contact within this scene or its immediate aftermath based on provided information; it's reasonable to assume they won't meet again.  Prediction: No  Final Result: I predict that Scene A will succeed.
47,3,Containment Scene,True,B,B,4,4,Yes,30.47,True_pilot-containment-cone-plate-redyellow_0006_img.png,Reasoning:  **Scene A:**  *   The green object is moving towards the red object. *   The red object is stationary; but as it moves due to gravity and possibly other factors not visible in this image; its trajectory might intersect with the yellow region. *   However; without more information on the initial velocity or direction of the red object's movement; we can't accurately predict if it will make contact with the yellow region.  **Scene B:**  *   The green object is moving towards the red object at an angle that suggests a potential collision course with both objects. *   Given enough time and proper trajectory; the red object could indeed come into contact with the yellow region as part of its falling motion influenced by gravity.  **Scene C:**  *   The green object appears to be slightly above the red object but still on track to intersect with it if it continues its current path. *   However; without clear indication of the red object's movement or any additional factors influencing its trajectory (like air resistance); predicting contact with the yellow region becomes speculative.  **Scene D:**  *   The green object is moving directly towards the red object in a manner that suggests an impending collision. *   Given enough time and assuming no external forces alter their paths; it's likely that both objects will come into contact; which would also mean the red object could make contact with the yellow region as part of this interaction.  Final Result: I predict that scene B will succeed.
48,4,Containment Scene,True,A,A,4,4,Yes,26.66,True_pilot-containment-cone-plate-redyellow_0006_img.png,"Reasoning:  Analyzing the initial images; I notice that in Scene A and Scene C; the green object is positioned closer to the yellow region compared to Scenes B and D. This proximity suggests a higher likelihood of collision between the red object and the yellow region.  In Scene A; the green object appears to be moving towards the red object at an angle; which could potentially lead it to collide with the yellow region as it approaches the red object. The trajectory of both objects seems to be converging; increasing the chances of contact.  Similarly; in Scene C; the green object is also positioned close to the yellow region and appears to be moving towards the red object at an angle similar to that in Scene A. This setup could result in a collision between the red object and the yellow region as the green object approaches the red object.  In contrast; Scenes B and D have the green object farther away from the yellow region; making it less likely for the red object to make contact with the yellow region.  Based on this analysis; I believe that Scene A has the highest likelihood of success; followed closely by Scene C; as both scenes present a more direct path for collision between the red object and the yellow region due to the proximity of the green object to the yellow region.  Final Result: ""I predict that scene A will succeed."""
49,1,Containment Scene,True,D,C,4,2,No,26.35,True_pilot-containment-box-redyellow_0017_img.png,Reasoning: Scene A: The green object is moving towards the red object; and based on its trajectory; it appears to be gaining speed. If this continues unchecked; the green object will collide with the red object before reaching the yellow region.  Scene B: In Scene B; the green object has already hit the red object and is now rebounding back towards the yellow region. Given the initial velocity of the green object and the lack of any force acting to slow it down; it seems likely that the green object will make contact with the yellow region after bouncing off the red object.  Scene C: In Scene C; the green object has already bounced off the red object and is heading towards the yellow region. Since there are no forces acting on the green object to slow it down or change its direction; it appears probable that the green object will make contact with the yellow region.  Scene D: In Scene D; the green object is still moving towards the red object but at a slower speed than in Scenes B and C. If this trend continues; the green object may not have enough velocity to hit the red object before reaching the yellow region.  Final Result: I predict that scene C will succeed.
50,2,Containment Scene,True,A,B,4,1,No,29.85,True_pilot-containment-box-redyellow_0017_img.png,Reasoning:  **Scene A:** In Scene A; the red object is stationary on top of a cone-shaped object. The green ball is approaching from the right side; moving towards the red object with some velocity. Given its initial trajectory and speed; it's likely that the green ball will collide with the red object before reaching the yellow region below.  **Scene B:** In Scene B; the red object is again stationary on top of a cone-shaped object. However; this time; the green ball is approaching from a more direct angle; aiming straight for the yellow region. If its velocity remains constant and it doesn't slow down due to any external factors; it's probable that the green ball will miss the red object and instead make contact with the yellow region.  **Scene C:** In Scene C; the scenario is similar to Scene A. The red object is stationary on top of a cone-shaped object; and the green ball is approaching from the right side. Given its trajectory and speed; it's likely that the green ball will collide with the red object before reaching the yellow region below.  **Scene D:** In Scene D; the red object is not visible in the frame provided; but based on the setup of the other scenes; we can infer that a similar scenario is unfolding. The green ball is approaching from the right side; and if the red object were present at its usual spot; it would likely collide with the green ball before reaching the yellow region.  Final Result: I predict that Scene B will succeed.
51,3,Containment Scene,True,C,C,4,4,Yes,35.12,True_pilot-containment-box-redyellow_0017_img.png,Reasoning:  **Scene A**  * The green object is moving towards the red object. * The red object is stationary at the top of a cone-shaped structure. * The yellow region is below the red object; but it appears to be out of reach due to the cone's height. * As the green object continues its motion; it will likely pass by the red object without making contact with it or the yellow region.  **Scene B**  * The green object has already passed the point where it was in line with the red object and is now moving away from it. * The red object remains stationary at the top of a cone-shaped structure. * Since the green object has moved beyond its initial position relative to the red object; there's no chance for contact between them or with the yellow region.  **Scene C**  * The green object is on a collision course with the red object. * If this trajectory continues unchanged; the green object will indeed hit the red object and potentially bounce off or roll away. * It's possible that during this impact; the red object could also be pushed towards the yellow region; but it depends on the angle of incidence and other factors.  **Scene D**  * The green object has already passed the point where it was in line with the red object and is now moving away from it. * The red object remains stationary at the top of a cone-shaped structure. * Similar to Scene B; since the green object has moved beyond its initial position relative to the red object; there's no chance for contact between them or with the yellow region.  Final Result: I predict that scene C will succeed.
52,4,Containment Scene,True,B,C,4,2,No,35.81,True_pilot-containment-box-redyellow_0017_img.png,Reasoning:  Scene A: The green object is moving towards the red object; and its trajectory suggests it will continue in this direction. The yellow region is positioned below the expected path of the green object as it approaches the red object. Given the angle of incidence and the mass distribution; the green object will likely collide with the red object before reaching the yellow region.  Scene B: In this scenario; the green object's initial velocity and trajectory indicate that it will continue to move towards the red object but at a slightly more oblique angle than in Scene A. The yellow region is positioned such that it is on the path of the green object as it approaches the red object from above. However; due to the angle of incidence and the mass distribution; the collision between the green and red objects will occur before they can make contact with the yellow region.  Scene C: Here; the green object's trajectory suggests a more direct approach towards the red object compared to Scenes A and B. The yellow region is positioned on the path of the green object as it approaches the red object from above. Given the angle of incidence and the mass distribution; the green object will likely collide with the red object before they can make contact with the yellow region.  Scene D: In this scenario; the green object's initial velocity and trajectory indicate that it will continue to move towards the red object but at a much more oblique angle than in Scenes A; B; or C. The yellow region is positioned such that it is on the path of the green object as it approaches the red object from above. However; due to the angle of incidence and the mass distribution; the collision between the green and red objects will occur before they can make contact with the yellow region.  Final Result: I predict that scene C will succeed.
53,1,Containment Scene,True,C,B,4,2,No,37.14,True_pilot-containment-vase-redyellow_0002_img.png,**Reasoning:**  1. **Initial Conditions**: The green object is moving towards the red object; and both objects are affected by gravity. 2. **Collision Detection**: There's no stickiness between objects; they do not attach to each other; so any contact would be due to physical laws like velocity; direction; mass; etc. 3. **Trajectory Analysis**:    - In Scene A: The green object is moving towards the red object but hasn't reached it yet. The trajectory suggests a collision might happen if both maintain their current speeds and directions.    - In Scene B: Similar to Scene A; the green object is about to collide with the red one based on their trajectories.    - In Scene C: The green object has passed by the red object without any indication of changing its path. Thus; it's unlikely to collide with the yellow region.    - In Scene D: The green object hasn't reached the red object yet and seems to be on a trajectory that could potentially lead to a collision.  4. **Determining Success**: A successful outcome means the red object makes contact with the yellow region. Based on trajectories; Scene B shows the highest likelihood of success due to the direct path towards the red object; suggesting an imminent collision if both objects maintain their current speeds and directions.  **Final Result:** I predict that scene B will succeed.
54,2,Containment Scene,True,A,C,4,3,No,39.44,True_pilot-containment-vase-redyellow_0002_img.png,**Reasoning**  *   Scene A:     *   The green object is moving towards the red object.     *   The red object appears to be stationary; but since it's a physical system with gravity; it should have some initial velocity or acceleration due to its position and the presence of other objects in the scene.     *   However; without explicit information on the initial conditions (like the initial velocities or accelerations); we cannot accurately predict the exact trajectory of either object.     *   Assuming both objects start from rest or with negligible initial velocity; if the green object's trajectory intersects with a path that would lead it to collide with the yellow region after impacting the red object; then yes; it is likely the red object will make contact with the yellow region.     *   Without further details on the exact nature of their motion (whether they start moving due to external forces or internal dynamics); we cannot definitively say if this scenario leads to collision with the yellow region solely based on visual inspection. *   Scene B:     *   Similar to Scene A; without explicit information on initial velocities or accelerations; it's challenging to predict the exact trajectory of either object.     *   If the green object maintains its path towards the red object and considering any potential external forces (like gravity) affecting both objects; then yes; there is a possibility that the collision with the yellow region could occur after an impact between the two colored objects.     *   Again; without specific details on their initial motion or dynamics; we cannot conclusively determine if this scenario results in contact with the yellow region based solely on visual analysis. *   Scene C:     *   In this scene; the green object appears to be moving directly towards the red object.     *   Given that both objects are subject to gravity and there's no indication of external forces altering their trajectories significantly (like air resistance or significant mass differences); if the green object continues on its current path; it will likely collide with the red object.     *   Following this collision; depending on the specifics of the impact (velocity; angle; and mass distribution); it is possible that the trajectory of the objects could alter such that one or both objects make contact with the yellow region afterward. However; without specific details on how these collisions might affect their motion; we cannot definitively say if this scenario results in a collision with the yellow region. *   Scene D:     *   In this scenario; the green object is moving towards the red object but appears to be at an angle that suggests it may not directly collide with the red object.     *   Given the laws of physics (gravity and potential conservation of momentum); if the green object continues on its current path without significant external influences altering its trajectory; it seems less likely to impact the red object directly or alter its path towards the yellow region significantly enough to make contact.  **Final Result**  I predict that Scene C will succeed.
55,3,Containment Scene,True,B,A,4,2,No,31.73,True_pilot-containment-vase-redyellow_0002_img.png,**Reasoning**  To determine which initial scene is most likely to result in the red object making contact with the yellow region; we need to analyze each scene step by step.  *   **Scene A**: The green object appears to be moving towards the red object. However; its trajectory suggests that it will pass above or beside the yellow region without making contact. *   **Scene B**: In this scenario; the green object's path seems to be altered slightly; but still; it is unlikely to make contact with the yellow region as it approaches the red object from a similar angle. *   **Scene C**: The green object in this scene has a more direct trajectory towards the red object. Given its speed and direction; it appears poised to collide with the yellow region upon impact with the red object. *   **Scene D**: Similar to Scene A; the green object's path suggests that it will pass above or beside the yellow region without making contact.  **Final Result**  Based on the analysis of each scene; I predict that scene C has the highest likelihood of success.
56,4,Containment Scene,True,D,A,4,1,No,23.81,True_pilot-containment-vase-redyellow_0002_img.png,**Reasoning for Scene A**  In this scenario; the green object is moving towards the red object. The yellow region is positioned below the red object. Given the initial positions and trajectories of the objects; it appears that the red object will eventually fall into the yellow region due to gravity.  The green object's trajectory suggests it will pass above or beside the red object without interacting with it directly. However; as both objects continue their motion under gravity; the red object will accelerate downwards towards the yellow region below it. The lack of stickiness between objects ensures that any contact would be a collision based on velocity and mass.  Given these dynamics; it seems probable that the red object will make contact with the yellow region at some point during its descent due to its initial position above and the influence of gravity.  **Final Result:** I predict that scene A will succeed.
57,1,Containment Scene,True,D,A,4,2,No,29.15,True_pilot-containment-box-redyellow_0003_img.png,"**Reasoning**  Scene A: - The green object is moving towards the red object. - The yellow region is above and slightly left of the red object's initial position. - Assuming no external forces or obstacles; the green object will continue to move forward due to its inertia. - As it approaches the red object; they will likely collide based on their relative velocities and masses.  Scene B: - Similar to Scene A; the green object is moving towards the red object. - However; in this scenario; the yellow region is directly below the initial position of the red object. - Given the same assumptions as before (no external forces or obstacles); the green object will continue its trajectory and likely collide with the red object first; then potentially hit the yellow region.  Scene C: - In contrast to Scenes A and B; the green object appears to be moving away from the red object. - Its path suggests it might not intersect with the red object's trajectory or the yellow region at all.  Scene D: - The green object seems to be heading towards a different part of the scene; potentially avoiding both the red object and the yellow region entirely.  **Final Result** ""I predict that scene A will succeed."""
58,2,Containment Scene,True,C,A,4,2,No,32.08,True_pilot-containment-box-redyellow_0003_img.png,**Reasoning:**  Scene A: - The green object is moving towards the red object; and based on its trajectory; it appears to be gaining speed. - Assuming no external forces or obstacles intervene; the green object will continue to move in a straight line until it hits the red object or reaches the edge of the frame. - Given that the yellow region is located near the point where the green object is expected to collide with the red object; there's a high likelihood of contact between the red object and the yellow region.  Scene B: - In this scenario; the green object has already passed the red object and is now on its way towards the right side of the frame. - Since the green object has already bypassed the red object; it's unlikely to make contact with the yellow region unless an external force alters its trajectory or causes a change in direction. - However; based solely on the initial image; the most probable outcome is that the green object will not make contact with the yellow region.  Scene C: - The green object is positioned directly above the red object and appears to be falling towards it due to gravity. - Given the relative positions of the objects and their trajectories; there's a significant likelihood that the green object will collide with the red object before reaching the yellow region. - Therefore; while contact between the red object and the yellow region is possible; it seems less probable than in Scene A.  Scene D: - The green object is moving away from both the red object and the yellow region. - With its current trajectory; it's unlikely to make contact with either the red object or the yellow region unless external forces alter its path. - Based on the initial image alone; the most likely outcome is that the green object will not interact with the yellow region.  **Final Result:**  I predict that scene A will succeed.
59,3,Containment Scene,True,B,A,4,1,No,35.59,True_pilot-containment-box-redyellow_0003_img.png,"To determine which initial scene is most likely to result in the red object making contact with the yellow region; we need to analyze each scene step by step based on physical reasoning and visual content.  **Scene A:**  * The green object is moving towards the red object. * The red object appears to be stationary or moving very slowly. * Given that there are no other forces acting on the objects (no wind; no magnets; etc.); we can assume they will continue to move according to their initial velocities and directions unless an external force affects them. * Since the green object is moving towards the red object; it's likely to collide with it if nothing else intervenes.  **Scene B:**  * The green object has a slight trajectory that suggests it might pass by or slightly graze the red object. * The red object seems stationary again. * Without any external forces acting on them; their paths will continue unchanged until they interact with something or each other. * Given the angle and speed of the green object; it's less likely to make direct contact with the yellow region compared to Scene A.  **Scene C:**  * The green object is positioned in such a way that its trajectory suggests it could potentially hit the red object at an angle but not directly into the yellow area. * Similar to Scenes A and B; there are no external forces influencing their motion. * Given this setup; the likelihood of direct contact between the red object and the yellow region seems lower than Scene A.  **Scene D:**  * The green object is moving towards the red object; but at a more acute angle compared to Scene A. * The red object appears stationary once again. * Without any external forces affecting them; their paths will remain unchanged until they interact with something or each other. * Given this trajectory and setup; it's less likely for the red object to make direct contact with the yellow region compared to Scenes A and B.  **Conclusion:**  Based on physical reasoning and visual analysis; **Scene A** has the highest likelihood of success because the green object is moving directly towards the red object; suggesting a high chance of collision unless an external force intervenes. The other scenes have trajectories that suggest less direct contact or potential misses due to their angles.  Final Result: ""I predict that scene A will succeed."""
60,4,Containment Scene,True,A,A,4,4,Yes,32.13,True_pilot-containment-box-redyellow_0003_img.png,Reasoning:  **Scene A:**  1. The green object is moving towards the red object. 2. The red object is stationary; and there are no other forces acting on it (no visible pushes or pulls). 3. Since the green object is gaining speed as it approaches the red object due to gravity; and assuming a constant acceleration; the green object will eventually collide with the red object.  **Scene B:**  1. The green object has already passed the red object. 2. There are no other forces acting on the red object (no visible pushes or pulls). 3. Given that the green object is moving away from the red object and there's no indication of any force slowing it down; it will continue to move away.  **Scene C:**  1. The green object has reached a point where its trajectory indicates it will not intersect with the path of the red object. 2. There are no other forces acting on the red object (no visible pushes or pulls). 3. Without any indication that the green object's path changes; and given the current positions and trajectories; the red object will not make contact with the yellow region.  **Scene D:**  1. The green object is moving towards the red object. 2. There are no other forces acting on the red object (no visible pushes or pulls). 3. Given the relative speeds and directions of both objects; and assuming a constant acceleration due to gravity for the green object; it will eventually collide with the red object.  **Final Result:**  I predict that scene A will succeed.
61,1,Containment Scene,True,D,C,4,2,No,32.77,True_pilot-containment-vase-redyellow_0019_img.png,Reasoning:  **Scene A:**  * The green object is moving towards the red object. * The yellow region is below and to the right of the red object's initial position. * As the green object continues its trajectory; it will pass above the red object. * The red object will not make contact with the yellow region due to the green object's movement.  **Scene B:**  * The green object is moving towards the red object from a more direct angle compared to Scene A. * The yellow region is still below and to the right of the red object's initial position. * As the green object continues its trajectory; it will intersect with the path of the red object. * However; due to the green object's velocity and direction; it will not make contact with the yellow region.  **Scene C:**  * The green object is moving towards the red object from a more direct angle compared to Scene A; but at a slightly different trajectory than Scene B. * The yellow region is below and to the right of the red object's initial position. * As the green object continues its trajectory; it will intersect with the path of the red object. * Given the green object's velocity and direction; it has a higher likelihood of making contact with the yellow region compared to Scenes A and B.  **Scene D:**  * The green object is moving towards the red object from a more direct angle compared to Scenes A and C; but at a slightly different trajectory than Scene B. * The yellow region is below and to the right of the red object's initial position. * As the green object continues its trajectory; it will intersect with the path of the red object. * However; due to the green object's velocity and direction; it has a lower likelihood of making contact with the yellow region compared to Scene C.  Final Result: I predict that scene C will succeed.
62,2,Containment Scene,True,B,B,4,4,Yes,34.54,True_pilot-containment-vase-redyellow_0019_img.png,**Reasoning**  To determine which initial scene is most likely to result in the red object making contact with the yellow region; we need to analyze each scene step by step and consider the motion of the green object and its potential impact on the trajectory of the red object.  1. **Scene A**: In Scene A; the green object appears to be moving towards the red object at a moderate speed. Given that there is no stickiness between objects; they will collide based on their velocity and direction. The red object's motion seems to be influenced by the green object's trajectory; as if it is attempting to avoid collision or adjust its path accordingly.  2. **Scene B**: In Scene B; the green object has already collided with the red object and is now moving away from it towards the right side of the image. This collision suggests that the initial motion of the green object was such that it eventually impacted the red object. The trajectory of the red object post-collision appears to be altered due to this interaction.  3. **Scene C**: In Scene C; the green object is positioned above and slightly behind the red object. Its trajectory seems less direct towards the yellow region compared to Scenes A and B. Instead; it might have a more tangential approach or even potentially miss the yellow area altogether; depending on its speed and direction.  4. **Scene D**: In Scene D; the green object is not visible within the frame but appears to be outside the scene's boundary. Without clear visual evidence of its trajectory relative to the red object and the yellow region; it's challenging to predict with certainty whether contact will occur based solely on this image. However; given that it's not shown interacting or influencing the motion of other objects directly in this frame; the likelihood of contact seems lower compared to scenes where direct interaction is observed.  **Final Result**  Based on the analysis of each scene; **Scene B** presents the highest likelihood of success for the red object making contact with the yellow region. This conclusion stems from the fact that Scene B shows a collision between the green and red objects; indicating their paths were such that they did indeed interact. This interaction suggests a dynamic where the red object's trajectory is altered by its encounter with the green object; potentially leading to further interactions or adjustments in path towards the yellow region.  I predict that scene B will succeed.
63,3,Containment Scene,True,A,B,4,3,No,30.54,True_pilot-containment-vase-redyellow_0019_img.png,Reasoning:  **Scene A**  * The green object is moving towards the red object. * The trajectory of the green object suggests that it will collide with the red object first; before reaching the yellow region. * Given the momentum and direction of the green object; it's unlikely to make contact with the yellow region.  **Scene B**  * Similar to Scene A; the green object is approaching the red object. * However; in this scenario; the angle of incidence is more direct towards the yellow region. * Considering the velocity and trajectory; there's a higher chance that the green object will bypass the red object and make contact with the yellow region.  **Scene C**  * The green object has already collided with the red object. * As a result; both objects are now in motion together. * Given their combined momentum and direction; it's less likely for either object to make direct contact with the yellow region.  **Scene D**  * In this scenario; the green object is moving away from the red object. * The trajectory indicates that the green object will not collide with the red object or reach the yellow region.  Final Result: I predict that scene B will succeed.
64,4,Containment Scene,True,C,A,4,1,No,37.29,True_pilot-containment-vase-redyellow_0019_img.png,**Step 1: Analyze Scene A**  In Scene A; the green object is moving towards the red object. The trajectory of the green object suggests that it will continue to move in a straight line until it collides with the red object. Since there are no external forces acting on the objects (no stickiness or other interactions); the collision between the two objects will be elastic.  Given this information; we can predict that after the collision; both objects will bounce off each other and change direction. However; since the yellow region is not involved in the initial collision; it's unlikely that the red object will make contact with it in Scene A.  **Step 2: Analyze Scene B**  In Scene B; the green object has already collided with the red object and is now moving away from it. The red object has changed direction due to the elastic collision and is now heading towards the yellow region. However; since the green object was initially moving towards the red object; its velocity would be sufficient to cause a collision without any additional factors contributing to the red object's trajectory.  Therefore; in Scene B; the red object is likely to make contact with the yellow region due to its altered direction after the initial collision with the green object.  **Step 3: Analyze Scene C**  In Scene C; the green object has again collided with the red object and is now moving away from it. Similar to Scene B; the red object has changed direction due to the elastic collision and is heading towards the yellow region. However; since the green object was initially moving at a slower velocity compared to Scene B; the impact on the red object's trajectory might be less significant.  As a result; in Scene C; it's still possible for the red object to make contact with the yellow region; but the likelihood is lower than in Scene B due to the reduced impact from the green object.  **Step 4: Analyze Scene D**  In Scene D; the green object has not yet collided with the red object and appears to be moving towards it. However; since there are no additional forces or interactions affecting the objects; they will still collide elastically as in the previous scenes. The trajectory of the red object remains unchanged; and thus; it is unlikely to make contact with the yellow region in Scene D.  **Conclusion**  Based on the analysis of each scene; I conclude that **Scene B** has the highest likelihood of success; where the red object will make contact with the yellow region due to its altered direction after colliding with the green object.
65,1,Containment Scene,True,D,C,4,1,No,32.58,True_pilot-containment-cylinder-bowl-redyellow_0024_img.png,**Reasoning**  To determine which initial scene is most likely to result in the red object making contact with the yellow region; we need to analyze each scene step by step.  Scene A: - The green object is moving towards the red object. - The trajectory of the green object suggests that it will not collide with the yellow region first. Instead; it appears to be heading directly for the red object. - Since there are no other obstacles or forces acting on the objects in this scene; we can assume they will continue their current trajectories. - Therefore; based on the initial positions and velocities of the objects; it is unlikely that the red object will make contact with the yellow region first.  Scene B: - Similar to Scene A; the green object is moving towards the red object. - However; in this scene; the green object's trajectory seems slightly more angled; which might affect its collision path with the red object. - Nevertheless; without any external forces or obstacles; both objects will continue their current motions until they collide. - It appears that the green object will still hit the red object before reaching the yellow region.  Scene C: - In this scene; the green object's trajectory is more direct towards the red object compared to Scene A and B. - This suggests a higher likelihood of collision between the two objects before either reaches the yellow region. - The absence of external forces or obstacles implies that their motion will remain unchanged until impact. - Based on the initial positions and velocities; it seems probable that the red object will make contact with the yellow region after colliding with the green object.  Scene D: - Here; the green object's trajectory is more perpendicular to the red object's position compared to the other scenes. - This could potentially alter the collision dynamics between the two objects; but without external forces or obstacles; their motion remains unchanged until impact. - Given the initial positions and velocities; it appears that the green object will collide with the yellow region before reaching the red object.  **Final Result**  I predict that scene C will succeed.
66,2,Containment Scene,True,C,C,4,4,Yes,32.72,True_pilot-containment-cylinder-bowl-redyellow_0024_img.png,Reasoning:   Scene A: The green object is moving towards the red object; which is stationary. The yellow region is positioned above and behind the red object. Given the trajectory of the green object; it appears unlikely to make contact with the yellow region directly. However; considering the motion dynamics and potential for slight deviations in path due to gravity or other factors not explicitly shown; there's a possibility that the green object could slightly miss the red object but still come close enough to potentially graze against the yellow region upon its passage by the red object.  Scene B: The green object has already made contact with the red object and is now moving away from it. Its trajectory suggests it will not make direct contact with the yellow region; as it seems to be heading towards the lower right corner of the image. Nonetheless; considering the initial collision between the green and red objects; there's a chance that the trajectory could adjust due to momentum conservation or other physical principles leading to an interaction with the yellow region.  Scene C: The green object is moving directly towards the red object but appears to be slightly above it. Given its path; it seems highly probable that the green object will make contact with the red object before reaching the yellow region. However; since both objects are free-moving and affected by gravity; there's a slight chance for an interaction between the red object and the yellow region post-collision; depending on the specifics of their separation trajectory.  Scene D: The green object is moving towards the red object but appears to be below it. This configuration suggests that; upon contact with the red object; the green object will likely continue its downward motion due to gravity. Given this scenario; it seems highly unlikely for the green object to make direct contact with the yellow region after colliding with the red object.  Final Result: I predict that scene C will succeed.
67,3,Containment Scene,True,B,B,4,4,Yes,31.62,True_pilot-containment-cylinder-bowl-redyellow_0024_img.png,Reasoning:  Scene A: - The green object is moving towards the red object. - The red object appears to be stationary or moving very slowly. - If the green object continues its current trajectory; it will likely collide with the red object before reaching the yellow region.  Prediction: No  Scene B: - Similar to Scene A; the green object is approaching the red object at a moderate speed. - However; the red object seems to be slightly more inclined towards the yellow region compared to Scene A. - Given its trajectory and the lack of any apparent force or obstacle directing it away from the yellow area; there's a higher chance that the red object might eventually make contact with the yellow region.  Prediction: Yes  Scene C: - The green object is moving perpendicular to both the red object and the yellow region. - Without sufficient information on its future trajectory; it's challenging to predict whether it will collide with the red object or continue towards the yellow region. - However; since no other forces are mentioned that could alter its path significantly; a cautious approach suggests considering all possible outcomes.  Prediction: No  Scene D: - The green object is moving in an arc; potentially influenced by gravity or another force not explicitly stated. - Its trajectory suggests it might bypass both the red object and the yellow region without making contact with either. - Given this information and assuming no external forces significantly alter its path; there's a lower likelihood of collision.  Prediction: No  Final Result: I predict that scene B will succeed.
68,4,Containment Scene,True,A,B,4,1,No,32.61,True_pilot-containment-cylinder-bowl-redyellow_0024_img.png,"**Step 1: Analyze Scene A**  In Scene A; the green object is moving towards the red object. The trajectory of the green object appears to be curved; and if it continues on this path; it will likely pass by the yellow region without making contact with it.  **Step 2: Analyze Scene B**  In Scene B; the green object is still moving towards the red object but has changed direction slightly. This change in direction suggests that the green object may be affected by an external force or friction; which could potentially cause it to lose momentum and miss the yellow region.  **Step 3: Analyze Scene C**  In Scene C; the green object has gained significant speed and is now moving directly towards the red object. However; its trajectory does not appear to intersect with the yellow region; and it seems likely that the green object will pass by the yellow region without making contact with it.  **Step 4: Analyze Scene D**  In Scene D; the green object has slowed down significantly and is now moving in a more horizontal direction. Its path appears to be parallel to the yellow region; but there is no indication that the green object will make contact with it.  **Conclusion**  Based on the analysis of each scene; I predict that **Scene B** has the highest likelihood of success; as the change in direction of the green object suggests that it may lose momentum and miss the yellow region. However; without further information or additional frames; it is difficult to say for certain whether any of these scenes will result in contact between the red object and the yellow region.  Final Result: ""I predict that scene B will succeed."""
69,1,Containment Scene,True,D,A,4,1,No,32.57,True_pilot-containment-cone-plate-redyellow_0024_img.png,**Step 1: Analyze Scene A**  * The green object is moving towards the red object. * The red object appears to be stationary or slowly moving away from the yellow region. * Based on the initial positions and velocities; it seems unlikely that the red object will make contact with the yellow region in this scene.  **Step 2: Analyze Scene B**  * The green object is still moving towards the red object. * However; the red object has started to move slightly towards the yellow region. * Although the trajectory of the green object suggests an eventual collision with the red object; it's unclear whether the red object will make contact with the yellow region first.  **Step 3: Analyze Scene C**  * The green object is now closer to the red object and has altered its trajectory slightly. * Meanwhile; the red object continues moving towards the yellow region at a moderate pace. * Considering the relative velocities and distances between objects; it's possible that the red object might make contact with the yellow region before colliding with the green object.  **Step 4: Analyze Scene D**  * The green object is positioned directly above the red object; indicating a significant change in its trajectory. * The red object has slowed down its approach towards the yellow region and now appears to be moving away from it. * Given the new positioning of the objects; it seems unlikely that the red object will make contact with the yellow region.  **Conclusion**  Based on the physical analysis of each scene; I predict that **Scene C** has the highest likelihood of success. The red object's continued movement towards the yellow region; combined with the green object's altered trajectory; increases the chances of a collision between the red object and the yellow region.
70,2,Containment Scene,True,C,C,4,4,Yes,32.20,True_pilot-containment-cone-plate-redyellow_0024_img.png,Reasoning:  Scene A: The green object is moving towards the red object; but it appears to be on a trajectory that will miss the yellow region. The red object seems to be at rest or moving very slowly; which means it won't have enough time to reach the yellow region before the green object passes by.  Scene B: In this scene; the green object is still moving towards the red object; but its path looks more direct than in Scene A. However; the yellow region is positioned such that the red object might not be able to reach it due to the angle of incidence and the initial velocity of the green object.  Scene C: This scene shows a slightly different trajectory for both objects compared to Scenes A and B. The green object seems to have a more direct path towards the red object; but its speed appears slower than in previous scenes. The yellow region is also positioned differently here; making it possible for the red object to potentially make contact with it.  Scene D: In this scenario; the green object's trajectory looks more like a collision course with both the red object and the yellow region. However; upon closer inspection; the green object seems to be moving at a slower pace than in previous scenes; which might affect its ability to reach the yellow region before bouncing off the red object.  Final Result: I predict that scene C will succeed.
71,3,Containment Scene,True,B,A,4,2,No,38.79,True_pilot-containment-cone-plate-redyellow_0024_img.png,**Reasoning**  To determine which initial scene is most likely to result in the red object making contact with the yellow region; we need to analyze each scene step by step.  Scene A: * The green object is at a higher position than the red object. * There is no visible obstacle between the two objects. * Assuming gravity and lack of external forces; both objects will accelerate downwards due to gravity. * Since the green object has an initial velocity component towards the red object; it's likely that they will collide.  Scene B: * The red object is stationary on a flat surface. * The green object is moving horizontally towards the right side of the frame. * There are no obstacles or forces preventing the green object from continuing its horizontal motion. * Assuming constant acceleration due to gravity and lack of external forces; the green object will continue moving horizontally until it reaches the edge of the frame or collides with another object.  Scene C: * The red object is stationary on a flat surface. * The green object is moving vertically downwards towards the red object. * There are no obstacles or forces preventing the green object from continuing its vertical motion. * Assuming constant acceleration due to gravity and lack of external forces; the green object will continue moving downwards until it reaches the edge of the frame or collides with another object.  Scene D: * The red object is stationary on a flat surface. * The green object is moving horizontally towards the right side of the frame. * There are no obstacles or forces preventing the green object from continuing its horizontal motion. * Assuming constant acceleration due to gravity and lack of external forces; the green object will continue moving horizontally until it reaches the edge of the frame or collides with another object.  **Final Result**  Based on the analysis; Scene A has the highest likelihood of success. The green object's initial velocity component towards the red object increases the chances of a collision. In contrast; Scenes B; C; and D have fewer obstacles or forces preventing the green object from continuing its motion without colliding with the yellow region.  Final Result: I predict that scene A will succeed.
72,4,Containment Scene,True,A,A,4,4,Yes,32.26,True_pilot-containment-cone-plate-redyellow_0024_img.png,**Reasoning**  To determine which initial scene is most likely to result in the red object making contact with the yellow region; we need to analyze each scene step by step.  *   Scene A:     *   The green object is moving towards the red object.     *   The trajectory of the green object suggests that it will collide with the red object before reaching the yellow region.     *   Since there is no stickiness between objects and all motions are governed by physical laws; the collision will likely divert the path of both objects.     *   It's unlikely for the red object to make contact with the yellow region in this scenario. *   Scene B:     *   The green object has already passed the midpoint towards the red object but still maintains a significant distance from it.     *   Given its current velocity and trajectory; the green object is unlikely to collide with the red object before reaching the yellow region.     *   However; the exact path of the red object depends on its initial speed and direction. Assuming no external forces alter their course; they might not collide; allowing for a possibility of the red object touching the yellow region. *   Scene C:     *   The green object is at an angle relative to both the red object and the yellow region.     *   Its trajectory indicates it will likely pass close to or even touch the red object before reaching the yellow region.     *   Given the dynamics of their interaction; there's a high chance that the red object could be diverted towards the yellow region upon collision with the green object. *   Scene D:     *   The green object is positioned directly between the red object and the yellow region.     *   Its trajectory suggests it will collide with both objects before reaching the yellow region.     *   This scenario has a higher chance of diverting the path of the red object towards the yellow region compared to others.  **Final Result**  Based on the analysis; Scene D presents the highest likelihood of success for the red object making contact with the yellow region due to its direct trajectory between the green and red objects.
73,1,Containment Scene,True,C,D,4,2,No,28.96,True_pilot-containment-torus-redyellow_0001_img.png,"**Step 1: Analyze Scene A**  In Scene A; the green object is moving towards the red object at an angle. The red object is stationary and appears to be on a flat surface. Based on this setup; it seems likely that the green object will collide with the red object before reaching the yellow region.  **Step 2: Analyze Scene B**  In Scene B; the green object is moving directly towards the yellow region; while the red object remains stationary. The trajectory of the green object suggests that it will likely pass over or near the yellow region without colliding with the red object.  **Step 3: Analyze Scene C**  In Scene C; the green object is positioned at a slight angle to the left of the red object and is moving towards it. However; due to its trajectory and the position of the yellow region; it appears unlikely that the green object will collide with either the red object or the yellow region.  **Step 4: Analyze Scene D**  In Scene D; the green object is moving directly towards the red object at a high speed. The angle of approach suggests that the collision between the two objects is unavoidable; and as a result; the red object will likely make contact with the yellow region shortly after colliding with the green object.  **Conclusion**  After analyzing all four scenes; it becomes evident that Scene D presents the most favorable conditions for the red object to make contact with the yellow region. The direct collision between the green and red objects sets up a chain of events where the red object will indeed come into contact with the yellow region.  Final Result: ""I predict that scene D will succeed."""
74,2,Containment Scene,True,B,A,4,2,No,36.40,True_pilot-containment-torus-redyellow_0001_img.png,**Reasoning for Scene A**  In this scenario; the green object is moving towards the red object. Given its trajectory and velocity; it's likely that the red object will collide with the yellow region before or after colliding with the green object.  *   The green object's path intersects with both the red object's and the yellow region. *   The red object has a higher chance of making contact with the yellow region due to its proximity to the intersection point.  **Reasoning for Scene B**  In this scenario; the green object is moving towards the red object. However; its trajectory does not directly intersect with the yellow region.  *   The green object's path only intersects with the red object. *   There is no direct collision between the green object and the yellow region. *   Therefore; it's less likely that the red object will make contact with the yellow region in this scenario.  **Reasoning for Scene C**  In this scenario; the green object is moving towards the red object. Similar to Scene B; its trajectory does not directly intersect with the yellow region.  *   The green object's path only intersects with the red object. *   There is no direct collision between the green object and the yellow region. *   Therefore; it's less likely that the red object will make contact with the yellow region in this scenario.  **Reasoning for Scene D**  In this scenario; the green object is moving towards the red object. However; its trajectory does not directly intersect with the yellow region.  *   The green object's path only intersects with the red object. *   There is no direct collision between the green object and the yellow region. *   Therefore; it's less likely that the red object will make contact with the yellow region in this scenario.  **Final Result**  Based on the analysis of each scene; **Scene A** has the highest likelihood of success. The green object's trajectory directly intersects with both the red object and the yellow region; making it more probable for the red object to collide with the yellow region in Scene A compared to the other scenarios.
75,3,Containment Scene,True,D,A,4,1,No,52.25,True_pilot-containment-torus-redyellow_0001_img.png,**Step 1: Analyze Scene A**  In Scene A; the green object is moving towards the red object. The trajectory of both objects suggests a collision course if they continue to move in their current direction.  *   **Red Object:** Initially stationary. *   **Green Object:** Moving towards the red object with a slightly curved path due to gravity. *   **Yellow Region:** Located on the right side of the frame; not directly involved in the immediate interaction between the green and red objects.  **Step 2: Determine Contact Potential**  Given the initial positions and trajectories; there's a high likelihood that the green object will collide with the red object before it reaches the yellow region. This collision would alter both objects' paths significantly; potentially leading to further interactions or changes in direction.  *   **Collision Probability:** High. *   **Subsequent Actions:** Difficult to predict without considering the dynamics of the collision and any post-collision movements.  **Step 3: Conclusion for Scene A**  Based on the initial setup and trajectories; it's highly probable that the red object will make contact with the yellow region indirectly through a collision with the green object. However; predicting the exact outcome after such a collision is challenging without additional information about their masses; velocities; and post-collision behaviors.  **Step 4: Analyze Scene B**  In Scene B; the situation appears similar to Scene A but with slightly different angles and distances between objects.  *   **Red Object:** Initially stationary. *   **Green Object:** Moving towards the red object with a more pronounced curvature due to gravity. *   **Yellow Region:** Again; not directly involved in the initial interaction.  **Step 5: Determine Contact Potential for Scene B**  Similar to Scene A; there's a high likelihood of a collision between the green and red objects. The altered trajectory of the green object due to gravity might increase the chances of contact with either the red object or the yellow region indirectly.  *   **Collision Probability:** High. *   **Subsequent Actions:** Difficult to predict without considering the dynamics of the collision.  **Step 6: Conclusion for Scene B**  Like Scene A; Scene B presents a scenario where the red object will likely make contact with the yellow region through an initial collision with the green object. Predicting the exact outcome requires knowledge of the objects' physical properties and post-collision movements.  **Step 7: Analyze Scene C**  In Scene C; both the red and green objects are moving towards each other in a more direct path compared to Scenes A and B.  *   **Red Object:** Moving towards the green object. *   **Green Object:** Also moving towards the red object. *   **Yellow Region:** Not directly involved in the initial interaction but closer to the expected collision point than in previous scenes.  **Step 8: Determine Contact Potential for Scene C**  Given their direct approach; it's highly likely that these objects will collide first. The proximity of the yellow region to this collision point increases the chances that the red object might make contact with it.  *   **Collision Probability:** Very High. *   **Subsequent Actions:** Direct collision followed by potential bounce or change in direction affecting further interactions.  **Step 9: Conclusion for Scene C**  Scene C presents one of the most direct paths to a collision between the green and red objects; increasing the likelihood that the red object will make contact with the yellow region either directly or indirectly through this collision.  **Step 10: Analyze Scene D**  In Scene D; both objects have changed their trajectories significantly compared to previous scenes. The red object is now moving away from the expected collision point; while the green object continues towards it.  *   **Red Object:** Moving away from the green object. *   **Green Object:** Continuing its path towards the red object but with a reduced likelihood of direct contact due to the red object's new trajectory. *   **Yellow Region:** Further away from the expected interaction point compared to previous scenes.  **Step 11: Determine Contact Potential for Scene D**  Given the changed trajectories; the probability of an immediate collision between the green and red objects is lower. The red object's movement away from the green object reduces the likelihood that it will make contact with the yellow region directly or indirectly through a collision.  *   **Collision Probability:** Lower compared to previous scenes. *   **Subsequent Actions:** Less predictable due to altered trajectories but likely resulting in reduced chances of direct contact with the yellow region.  **Step 12: Conclusion for Scene D**  Scene D presents a scenario where the initial setup and subsequent movements reduce the likelihood that the red object will make contact with the yellow region; either directly or indirectly. The changed trajectory of the red object away from the green object decreases the probability of an impactful collision affecting further interactions.  **Step 13: Determine the Most Likely Scene for Success**  Based on the analysis:  *   **Scene A:** High likelihood of indirect contact through a collision but challenging to predict outcomes accurately. *   **Scene B:** Similar to Scene A; with a high likelihood of indirect contact but uncertain outcomes without considering post-collision dynamics. *   **Scene C:** Very high likelihood of direct or indirect contact due to the direct approach of both objects; making it more predictable in terms of subsequent interactions. *   **Scene D:** Lower likelihood due to changed trajectories reducing the probability of impactful collisions affecting further interactions.  **Final Result**  Given the analysis; Scene C presents the highest chance for success in terms of the red object making contact with the yellow region either directly or indirectly through a collision.
76,4,Containment Scene,True,A,B,4,3,No,28.05,True_pilot-containment-torus-redyellow_0001_img.png,**Reasoning**  ### Scene A  * The red object is stationary; while the green object is moving towards it. * The trajectory of the green object indicates a collision course with the red object. * Based on the initial positions and velocities; the red object will likely collide with the yellow region.  ### Scene B  * The green object has increased its velocity compared to Scene A. * Its trajectory remains unchanged; indicating no change in direction or intent to avoid the red object. * Given the higher velocity and continued path towards the red object; it is probable that the red object will make contact with the yellow region.  ### Scene C  * The red object now has a slight horizontal velocity component. * This movement does not alter its vertical trajectory but adds a lateral component. * Without further information on the green object's updated position and velocity after this change; we cannot definitively predict collision. However; based solely on the initial setup provided; it seems less likely than Scenes A and B due to the added complexity of horizontal motion.  ### Scene D  * The red object has accelerated vertically. * This acceleration increases its vertical velocity but does not affect its trajectory towards the yellow region. * Given the continued path towards the yellow region and no indication of a change in direction or intent to avoid collision; it is likely that the red object will make contact with the yellow region.  **Final Result**  I predict that scene B will succeed.
77,1,Containment Scene,True,C,A,4,2,No,32.20,True_pilot-containment-cone-plate-redyellow_0019_img.png,**Reasoning**  To determine which initial scene is most likely to result in the red object making contact with the yellow region; we need to analyze each scene step by step.  **Scene A**  *   The green object is moving towards the red object. *   The trajectory of the green object suggests that it will collide with the red object before reaching the yellow region. *   Since there's no stickiness between objects and they move freely according to physical laws; the collision will determine their subsequent motion.  **Scene B**  *   The green object is moving towards the yellow region but is currently behind the red object. *   As the green object continues its trajectory; it will pass by the red object without colliding with it. *   Therefore; based on its path; the red object is unlikely to make contact with the yellow region.  **Scene C**  *   The green object appears to be moving away from both the red object and the yellow region. *   Given its direction of motion; the red object will not come into contact with the yellow region as there's no direct collision or path towards it involved in this scenario.  **Scene D**  *   The green object is positioned between the red object and the yellow region but does not seem to be moving directly towards either. *   Without a clear trajectory indicating an imminent collision or path towards the yellow region; it's uncertain whether the red object will make contact with the yellow region in this scenario.  **Final Result**  Based on the analysis of each scene; **I predict that Scene A will succeed.**
78,2,Containment Scene,True,D,C,4,1,No,33.37,True_pilot-containment-cone-plate-redyellow_0019_img.png,Reasoning:  **Scene A**  * The green object is moving towards the red object; but it's not clear if they are on a collision course. * The red object appears to be stationary or moving away from the yellow region. * Without more information about their velocities and trajectories; it's difficult to predict whether contact will occur.  **Scene B**  * The green object has passed the midpoint between itself and the red object. * Given its trajectory; it seems likely that the green object will continue moving towards the red object. * However; without knowing the exact paths they're taking or their speeds; we can't say for certain if contact will happen.  **Scene C**  * The green object is now closer to the red object than in Scene B. * If its trajectory continues unchanged; it seems probable that the two objects will collide with each other. * Since there's no indication of any changes in direction or speed; this collision appears imminent.  **Scene D**  * The red object has moved away from the yellow region and is now closer to the wall than before. * Meanwhile; the green object continues its approach towards the red object. * Given their current positions and trajectories; it seems unlikely that the red object will make contact with the yellow region in this scenario.  Final Result: I predict that scene C will succeed.
79,3,Containment Scene,True,B,B,4,4,Yes,30.14,True_pilot-containment-cone-plate-redyellow_0019_img.png,"**Reasoning**  ### Scene A  * The green object is moving towards the red object; but it appears to be slowing down. * The red object is stationary and seems to be on a flat surface. * Given the relative positions and velocities of both objects; it's unlikely they will make contact with each other. * Gravity affects neither object in this initial frame; as they are not yet close enough for gravitational forces to play a significant role.  ### Scene B  * The green object is still moving towards the red object but at a slower pace than in Scene A. * The red object remains stationary on what appears to be a slightly inclined plane. * Gravity's influence becomes more apparent here; as objects' positions suggest gravity might affect their trajectories over time. * Without additional information about the angles of inclination or other forces acting on these objects; predicting contact directly from this frame alone is challenging.  ### Scene C  * The green object has changed direction and now moves away from the red object. * The red object remains stationary but seems to be positioned closer to the yellow region compared to previous scenes. * Given the initial positions and velocities of both objects; it's clear that without additional frames showing their motion over time; predicting contact based solely on this snapshot is speculative at best.  ### Scene D  * The green object has altered its trajectory significantly and now moves towards the red object but from a different angle than in previous scenes. * The red object remains stationary but appears to be poised near the yellow region due to its initial position and orientation. * Similar to Scene C; without additional frames showing motion over time or details about forces acting on these objects; predicting contact based solely on this snapshot is speculative.  **Final Result**  Given the information provided in each scene and focusing strictly on physical reasoning from a static perspective (without knowledge of future movements); it's challenging to definitively predict which scenario will result in successful contact between the red object and the yellow region. However; if I must choose based on the visual content alone without considering the dynamics of motion over time:  ""I predict that scene B will succeed."""
80,4,Containment Scene,True,A,D,4,1,No,29.77,True_pilot-containment-cone-plate-redyellow_0019_img.png,Reasoning:  **Scene A:** - The green object is moving towards the red object; but its trajectory does not intersect with the yellow region. - The red object's initial position and velocity suggest it will continue to move away from the yellow region. - Given the angle of incidence and the mass distribution of the objects; there's no indication that the red object will make contact with the yellow region.  **Scene B:** - Similar to Scene A; the green object is moving towards the red object without intersecting with the yellow region. - The red object's position and velocity indicate it will continue on its path; avoiding collision with the yellow area. - There are no factors suggesting an interaction between the red object and the yellow region.  **Scene C:** - In this scene; the green object is moving directly towards the yellow region. - If the green object were to collide with the yellow region; it would likely be deflected at that point; changing its trajectory. - However; since the red object's path does not intersect with the green object's predicted new trajectory after a hypothetical collision; there's no indication that the red object will make contact with the yellow region.  **Scene D:** - This scenario shows the green object moving towards the red object but in such a way that its trajectory intersects with the yellow region. - Given that the red object is not directly on a path to collide with the yellow region and considering the angles and masses involved; it's plausible for the green object to be deflected by the yellow region first; potentially changing its trajectory in a way that could lead to contact between the red object and the yellow region later.  Final Result: I predict that scene D will succeed.
81,1,Containment Scene,True,D,B,4,1,No,27.40,True_pilot-containment-box-redyellow_0004_img.png,Reasoning: Scene A: The green object is moving towards the red object; and the trajectory suggests it might miss the yellow region. However; without more information about the velocity or angle of impact; it's difficult to determine with certainty.  Scene B: In this scenario; the green object appears to be on a collision course with the yellow region. Given its path and speed relative to the red object; which seems stationary; there is a high likelihood that the green object will make contact with the yellow region before or after potentially hitting the red object.  Scene C: The trajectory of the green object suggests it will pass close to but not necessarily hit the red object directly. It's less clear whether this would lead to contact with the yellow region due to the lack of direct collision information.  Scene D: This scene is similar to Scene A; with the green object moving towards the red object but without sufficient detail to predict a collision with either the red object or the yellow region.  Final Result: I predict that scene B will succeed.
82,2,Containment Scene,True,B,D,4,1,No,39.07,True_pilot-containment-box-redyellow_0004_img.png,Reasoning:  **Scene A:**  * The green object is moving towards the red object. * The red object is not moving; it's stationary at the moment. * As the green object continues to move forward; it will eventually collide with the red object due to its trajectory and velocity. * After colliding with the red object; the green object might bounce back or change direction depending on the angle of impact and other factors affecting its motion.  **Scene B:**  * The green object is also moving towards the red object but from a different angle compared to Scene A. * This time; the red object has some initial velocity in the opposite direction of the approaching green object. * Due to their relative velocities and directions; these two objects will pass each other without colliding with the yellow region. * Their paths intersect at one point; but their velocities ensure they bypass the yellow area.  **Scene C:**  * Here; both objects are moving towards each other; similar to Scene A. * However; in this scenario; the red object has a significant initial velocity away from the approaching green object. * As a result; these two objects will collide with each other but not directly with the yellow region. * The collision between the red and green objects might alter their trajectories; potentially leading them towards or away from the yellow area.  **Scene D:**  * In this case; both objects are moving towards each other as well; similar to Scenes A and C. * However; in contrast to the previous scenarios; neither object has an initial velocity that would significantly affect their trajectory before collision. * Given their relative velocities and directions; these two objects will collide with each other directly at or very close to the yellow region.  Final Result: I predict that scene D will succeed.
83,3,Containment Scene,True,C,C,4,4,Yes,34.20,True_pilot-containment-box-redyellow_0004_img.png,**Step 1: Analyze Scene A**  In Scene A; the green object is moving towards the red object. The red object appears to be stationary or moving away from the yellow region. Given its initial position and trajectory; it's unlikely that the red object will make contact with the yellow region in this scenario.  **Step 2: Analyze Scene B**  Scene B shows a similar setup to Scene A; but with the green object slightly closer to the red object. The red object still seems to be moving away from the yellow region. While there's a slight chance of collision due to the reduced distance between the objects; it's not probable based on their trajectories.  **Step 3: Analyze Scene C**  In Scene C; the green object is positioned closer to both the red object and the yellow region compared to Scenes A and B. The red object appears to be moving towards the yellow region but at a slower pace than the approaching green object. This scenario presents a higher likelihood of collision between the red object and the yellow region due to their converging trajectories.  **Step 4: Analyze Scene D**  Scene D shows a different configuration where both objects are positioned closer together compared to Scenes A; B; and C. The green object is moving towards the red object; but it's unclear if this trajectory will allow for contact with the yellow region without intersecting with the red object first.  **Conclusion:**  Based on the physical reasoning and visual content of each scene; Scene C has the highest likelihood of resulting in the red object making contact with the yellow region. This is because both objects are converging towards each other and the yellow region from different directions; increasing the chances of a collision between them and the yellow region.  Final Result: I predict that scene C will succeed.
84,4,Containment Scene,True,A,B,4,3,No,29.14,True_pilot-containment-box-redyellow_0004_img.png,**Reasoning**  To determine which initial scene is most likely to result in the red object making contact with the yellow region; we need to analyze each scene step by step.  **Scene A:** - The green object is moving towards the red object. - The trajectory of the green object suggests a collision course with the red object. - If this collision occurs before the red object reaches the yellow region; it will not make contact with the yellow region.  **Scene B:** - The green object is also on a collision course with the red object. - However; in this scenario; the trajectory of both objects suggests that they will collide and then bounce off each other. - Depending on the angle of incidence and the velocity after the collision; it's possible for the red object to continue towards the yellow region.  **Scene C:** - In this scene; the green object appears to be heading directly for the red object but at a slower pace than in scenes A and B. - This suggests that if the objects collide; they will likely rebound in such a way that the red object does not reach the yellow region.  **Scene D:** - The green object is moving away from both the red object and the yellow region. - Given its trajectory; it seems unlikely to affect the path of the red object towards the yellow region.  **Final Result**  Based on the analysis; Scene B presents the highest likelihood of success. In this scenario; the dynamic nature of the collision between the green and red objects increases the chances that the red object will continue its trajectory towards the yellow region after the initial impact; making it the most probable to result in contact with the yellow region.  **Answer:** I predict that scene B will succeed.
85,1,Containment Scene,True,B,B,4,4,Yes,38.03,True_pilot-containment-cone-plate-redyellow_0013_img.png,**Reasoning**  ### Scene A  * The green object is moving towards the red object at an angle; indicating a collision course. * The red object appears to be stationary or moving slowly. * Given the trajectory of the green object and assuming it maintains its velocity; it will likely collide with the red object first. * After this collision; the red object's motion may change due to the impact; but since there is no information about the nature of the collision (e.g.; elastic vs. inelastic); we cannot predict the exact outcome. * The yellow region is not directly involved in the initial interaction between the green and red objects.  ### Scene B  * Similar to Scene A; the green object is moving towards the red object but at a more direct angle. * This setup suggests a higher likelihood of contact between the green and red objects than in Scene A due to the increased chance of a head-on collision. * The yellow region does not seem directly involved in this initial interaction either.  ### Scene C  * In contrast to Scenes A and B; the green object is moving away from the red object. * This setup indicates that the green object will not collide with the red object based on its current trajectory. * Given there's no other information about external forces acting on these objects or their initial velocities/accelerations; we can infer this scenario has the lowest likelihood of success among the four.  ### Scene D  * The green object is again moving towards the red object but at an angle that suggests it will miss the red object. * This setup implies a collision with the yellow region is less likely due to the green object's trajectory not directly targeting the yellow area.  **Final Result**  I predict that scene B will succeed.
86,2,Containment Scene,True,D,A,4,3,No,29.09,True_pilot-containment-cone-plate-redyellow_0013_img.png,**Reasoning**  To determine which initial scene is most likely to result in the red object making contact with the yellow region; we need to analyze each scene step by step.  *   **Scene A**: The green object is moving towards the red object. However; its trajectory does not seem to intersect with the yellow region. *   **Scene B**: Similar to Scene A; the green object's path also misses the yellow region. *   **Scene C**: Here; the green object appears to be on a collision course with the yellow region. Its velocity and direction suggest it will make contact with the yellow region before potentially colliding with the red object. *   **Scene D**: In this scene; the green object is moving away from both the red object and the yellow region.  **Final Result**  Based on the analysis of each scene; Scene C has the highest likelihood of success because the green object's trajectory indicates it will make contact with the yellow region.
87,3,Containment Scene,True,C,C,4,4,Yes,33.57,True_pilot-containment-cone-plate-redyellow_0013_img.png,"To determine which initial scene is most likely to result in the red object making contact with the yellow region; we need to analyze each scene step by step.  **Scene A:**  * The green object appears to be moving towards the red object. * However; due to its small size and velocity; it may not have enough momentum to reach the yellow region before colliding with the red object. * As a result; it is unlikely that the red object will make contact with the yellow region in this scene.  **Scene B:**  * The green object has gained more speed than in Scene A and seems to be on a trajectory to pass near the yellow region. * Given its increased velocity; there's a possibility it might not collide with the red object before reaching the yellow area. * Thus; this scenario presents a higher likelihood of success compared to Scene A.  **Scene C:**  * The green object has accelerated further and seems poised to intersect with both the red object and potentially the yellow region. * Its trajectory suggests it will likely make contact with the red object first; followed by possibly reaching the yellow area. * This scene shows a higher chance of success compared to Scenes A and B.  **Scene D:**  * The green object has slowed down significantly and appears to be decelerating as it approaches the red object. * Given its reduced velocity; it's probable that it will collide with the red object before reaching the yellow region. * Therefore; this scenario presents a lower likelihood of success compared to Scenes B and C.  **Conclusion:**  Based on the analysis; **Scene C** has the highest chance of success. The green object's trajectory suggests it will make contact with both the red object and potentially the yellow region. This outcome is more probable due to its increased velocity and trajectory. Therefore:  Final Result: ""I predict that scene C will succeed."""
88,4,Containment Scene,True,A,D,4,3,No,48.33,True_pilot-containment-cone-plate-redyellow_0013_img.png,"**Reasoning for Scene A**  In this initial frame; the green object is positioned above and slightly behind the red object. The trajectory of both objects suggests they are under the influence of gravity and possibly other forces such as air resistance or an unseen surface that could affect their motion.  Given the setup; it's crucial to understand the physics involved: acceleration due to gravity (9.81 m/s^2 downwards); any initial velocity imparted by a launch mechanism or another force acting on these objects; and potentially friction or drag affecting their movement over time.  Without explicit details on the nature of the ""green object"" (whether it's a projectile; a ball; etc.) and without knowing what forces are at play beyond gravity; we must rely on general principles. However; given typical physics problems involving moving objects under gravity and assuming no additional external forces or constraints that could alter their trajectories:  1. **Gravity**: Both objects fall towards the ground. 2. **Relative Motion**: The green object's path over time will depend on its initial velocity (if it has one) and any external forces acting upon it.  **Predicting Contact with Yellow Region in Scene A**  - **Red Object Trajectory**: Assuming no additional force beyond gravity; the red object will fall towards the ground at a constant acceleration. - **Green Object Trajectory**: Without explicit details on its initial velocity or forces acting on it; its trajectory is less predictable. However; given it starts above the red object and considering typical physics problems; if it's moving towards the red object (and assuming no significant external force to alter its path); it could potentially reach the yellow region before the red object does.  **Conclusion for Scene A**  Without explicit details on the nature of forces acting on the green object or its initial velocity; predicting contact with the yellow region is challenging. However; based solely on visual inspection and general physics principles (gravity being the only force considered here); it's plausible the green object could reach the yellow region first if moving towards it.  **Reasoning for Scene B**  Similar to Scene A; without explicit details on forces beyond gravity acting on these objects or their initial velocities/positions; we rely on general principles. The setup suggests both objects are under the influence of gravity and possibly other forces affecting their motion.  1. **Gravity**: Both objects fall towards the ground. 2. **Relative Motion**: Their paths depend on initial conditions (velocity; position) and external forces.  **Predicting Contact with Yellow Region in Scene B**  - **Red Object Trajectory**: Falls towards the ground. - **Green Object Trajectory**: Without specifics; its path is uncertain but likely influenced by gravity and any additional forces or velocities imparted to it.  Given these considerations and without explicit details on how these objects interact beyond gravity; predicting contact with the yellow region based solely on visual inspection and general physics principles remains challenging. However; similar to Scene A; if moving towards each other under influence of gravity alone; the green object could potentially reach the yellow region first.  **Reasoning for Scene C**  Similar to Scenes A and B; without explicit details on forces beyond gravity or initial conditions (velocity; position); we rely on general physics principles. The setup suggests both objects are under gravity's influence and possibly other forces affecting their motion.  1. **Gravity**: Both fall towards the ground. 2. **Relative Motion**: Their paths depend on initial conditions and external forces.  **Predicting Contact with Yellow Region in Scene C**  - **Red Object Trajectory**: Falls towards the ground. - **Green Object Trajectory**: Without specifics; its path is uncertain but influenced by gravity and any additional forces or velocities imparted to it.  Given these considerations and without explicit details on how these objects interact beyond gravity; predicting contact with the yellow region based solely on visual inspection and general physics principles remains challenging. However; similar to Scenes A and B; if moving towards each other under influence of gravity alone; the green object could potentially reach the yellow region first.  **Reasoning for Scene D**  In this scenario; the red object is positioned closer to the ground than the green object; which appears to be falling from above without an initial velocity that would significantly alter its path. Given the setup:  1. **Gravity**: Both objects fall towards the ground. 2. **Relative Motion**: Their paths depend on initial conditions and external forces.  **Predicting Contact with Yellow Region in Scene D**  - **Red Object Trajectory**: Falls towards the ground. - **Green Object Trajectory**: Without specifics; its path is uncertain but influenced by gravity and any additional forces or velocities imparted to it.  Given these considerations and without explicit details on how these objects interact beyond gravity; predicting contact with the yellow region based solely on visual inspection and general physics principles remains challenging. However; considering the red object's lower starting point and assuming no significant external force alters its path; it seems more likely to reach the yellow region first.  **Conclusion**  Considering all scenes and applying general physics principles (gravity being the primary influence); without explicit details on forces beyond gravity acting on these objects or their initial velocities/positions; predicting contact with the yellow region remains challenging. However; based solely on visual inspection:  - **Scene D**: Appears to have the red object starting closer to the ground; which might give it an advantage in reaching the yellow region first under gravity's influence alone.  **Final Result**  I predict that scene D will succeed."
89,1,Containment Scene,True,C,A,4,1,No,29.41,True_pilot-containment-cylinder-bowl-redyellow_0006_img.png,Reasoning:   Scene A: * The green object is moving towards the red object; which is stationary. * Since there's no stickiness between objects and all move freely according to physical laws; when the green object collides with the red object; it will transfer some momentum to the red object due to the principle of conservation of momentum. * This collision would cause the red object to change its direction or trajectory based on the forces applied during the impact. * Given that the yellow region is positioned after the point where the green and red objects are likely to collide; there's a high chance the red object will continue moving towards it after the collision.  Scene B: * The setup here shows both objects in motion; with the green object heading straight for the red one. * Similar to Scene A; when they collide; momentum transfer would occur. * However; unlike Scene A; since neither object is stationary; the dynamics of their interaction might differ slightly. * Yet; assuming a direct collision without significant angles or spin; the outcome should be similar to what's observed in Scene A.  Scene C: * In this scenario; both objects are moving towards each other at different angles. * The green object seems to have more speed than the red one and appears closer to it. * This setup might lead to a glancing blow rather than a direct collision; potentially altering the trajectory of both objects differently compared to Scenes A and B.  Scene D: * Here; the green object is moving away from the red object; which is stationary. * Given their initial positions and directions; they are unlikely to collide given their current trajectories. * The yellow region seems out of reach for the red object based on its current path.  Final Result: I predict that scene A will succeed.
90,2,Containment Scene,True,A,B,4,1,No,33.08,True_pilot-containment-cylinder-bowl-redyellow_0006_img.png,Reasoning: Analyzing each scene step by step; focusing on the motion of the green object and the movement of the red object.  Scene A: - The green object is moving towards the red object. - Assuming it continues at a constant velocity or slightly slows down due to friction with the floor (not explicitly mentioned but implied for simplicity). - Given the angle and distance between them; without additional forces like air resistance or external pushes; they will likely collide.  Scene B: - The green object is moving towards the red object. - Similar assumptions as in Scene A apply here. - However; due to its trajectory being more directly head-on with the red object at a closer range compared to Scene A; it seems even more certain that these objects will make contact based on their initial velocities and direction.  Scene C: - The green object is moving towards the red object but at an angle. - This means it won't collide directly with the red object if we assume no change in velocity or trajectory due to external forces not mentioned. - However; considering the laws of physics without additional details (like friction significantly affecting its path); this scenario seems less likely for direct contact compared to A and B.  Scene D: - The green object is moving away from the red object; which means it won't make contact with it based on their current trajectories. - Without any significant external forces altering their paths or speeds over time; these objects will not collide in this initial setup.  Final Result: I predict that scene B will succeed.
91,3,Containment Scene,True,B,B,4,4,Yes,29.54,True_pilot-containment-cylinder-bowl-redyellow_0006_img.png,**Step 1: Analyze Scene A**  In Scene A; the green object is moving towards the red object. However; due to its trajectory and the initial distance between it and the yellow region; it seems unlikely for the red object to make contact with the yellow region in this scenario.  **Step 2: Analyze Scene B**  Scene B shows a different trajectory of the green object compared to Scene A. The green object is now positioned closer to the yellow region but still moving towards the red object. Considering its path and velocity; there's a higher chance for the red object to make contact with the yellow region in this scenario.  **Step 3: Analyze Scene C**  In Scene C; the green object has changed direction and is no longer heading straight towards the red object or the yellow region. This change in trajectory suggests that the initial setup might not lead to contact between the red object and the yellow region.  **Step 4: Analyze Scene D**  Scene D shows a similar setup to Scene A but with slight differences in the positions of the objects. However; based on the initial analysis of Scene A; it appears less likely for the red object to make contact with the yellow region here as well.  **Conclusion and Prediction**  Given the trajectories and initial positions of the objects in each scene; **Scene B** presents the most favorable conditions for the red object to make contact with the yellow region. The green object's closer proximity to both the red object and the yellow region; along with its trajectory towards them; increases the likelihood of collision.  **Final Result:** I predict that scene B will succeed.
92,4,Containment Scene,True,D,A,4,2,No,33.95,True_pilot-containment-cylinder-bowl-redyellow_0006_img.png,**Reasoning**  To determine which initial scene is most likely to result in the red object making contact with the yellow region; we need to analyze each scene step by step.  Scene A: - The green object is moving towards the red object. - The trajectory of both objects suggests a collision course. - Given their velocities and directions; they will likely collide before reaching the yellow region. - Since the red object's path intersects with the yellow region after the collision; there's a high probability it will make contact.  Scene B: - Similar to Scene A; both objects are on a collision course. - However; due to the angle of approach and relative velocities; the green object is more likely to bounce off the red object than continue towards the yellow region. - The red object might still reach the yellow region but with less certainty compared to Scene A.  Scene C: - Both objects seem to be moving away from each other. - Their trajectories suggest no collision or direct contact with the yellow region for either object. - This scenario appears to have a lower likelihood of success for the red object making contact with the yellow region due to their diverging paths.  Scene D: - The green object is again on a path towards the red object; indicating a potential collision. - However; considering the distance and angles involved; it's less clear whether this collision would alter the trajectory significantly enough for the red object to reach the yellow region. - This scenario seems less predictable in terms of outcome compared to Scenes A and B.  **Final Result**  Based on the analysis; Scene A presents the most direct path towards a successful outcome; as both objects are clearly on a collision course that could divert the red object into contact with the yellow region.
93,1,Containment Scene,True,A,A,4,4,Yes,30.14,True_pilot-containment-multi-bowl-redyellow_0000_img.png,Reasoning:   **Scene A**  * The green object is moving towards the red object. * The red object is stationary; but due to its initial velocity and momentum; it will start to move downwards under gravity. * As the green object approaches the red object; their collision will cause both objects to change direction and trajectory. * However; the red object's mass and size are larger than the green object's; so after the collision; the red object will likely continue moving downwards while the green object will rebound upwards. * The yellow region is below the expected path of the red object; which means that even if the red object were to collide with it; the impact would be minimal or indirect.  **Scene B**  * Similar to Scene A; the green object is approaching the stationary red object. * However; the green object's trajectory appears more direct and perpendicular to the yellow region compared to Scene A. * Assuming a perfect collision; the red object will likely change direction due to the impulse from the green object. * Given its mass and size; the red object might not have enough momentum to reach or significantly impact the yellow region.  **Scene C**  * In this scenario; the green object is moving towards the red object at an angle that would place it above the expected trajectory of the red object. * The collision between the two objects will alter their paths; but due to the green object's initial direction and velocity; it might not significantly impact the red object's path towards the yellow region. * The red object's mass and size suggest that even if it were to collide with the green object; its trajectory would likely remain unchanged or only slightly altered.  **Scene D**  * Unlike the previous scenes; in Scene D; the red object is moving downwards towards the yellow region while the green object is stationary near it. * The collision between the red and green objects will occur before either can interact with the yellow region. * Given that both objects are moving downward initially; their combined momentum might carry them below the yellow region without making contact.  Final Result: I predict that scene A will succeed.
94,2,Containment Scene,True,B,C,4,1,No,42.67,True_pilot-containment-multi-bowl-redyellow_0000_img.png,**Reasoning**  To determine which initial scene is most likely to result in the red object making contact with the yellow region; we need to analyze each scene step by step.  *   **Scene A:** The green object appears to be moving towards the red object. However; its trajectory does not seem to intersect with the yellow region. *   **Scene B:** In this scene; the green object is closer to the yellow region than in Scene A. It seems that if it continues on its current path; it might hit the yellow region before reaching the red object. *   **Scene C:** The green object has moved further towards the yellow region compared to Scene B. Its trajectory now looks like it will definitely intersect with the yellow region before potentially hitting the red object. *   **Scene D:** In this scene; the green object is positioned at a distance from both the red object and the yellow region. It seems unlikely that it will make contact with either of them based on its current path.  **Final Result**  Given the analysis above; I predict that Scene C will succeed because the green object's trajectory directly intersects with the yellow region before potentially hitting the red object; making it the most likely scenario for the red object to make contact with the yellow region.
95,3,Containment Scene,True,D,D,4,4,Yes,32.68,True_pilot-containment-multi-bowl-redyellow_0000_img.png,**Step 1: Analyze Scene A**  In Scene A; the green object is moving towards the red object. The yellow region is positioned below the red object. Given the initial positions and velocities of the objects; it's clear that the green object will continue to move in a straight line due to its constant velocity. As time progresses; the green object will eventually pass by the red object without making contact with it.  **Step 2: Analyze Scene B**  In Scene B; the green object is still moving towards the red object but at a slower pace compared to Scene A. The yellow region remains in the same position as before. With the reduced velocity of the green object; there's a higher likelihood that it will make contact with the red object upon collision. However; without additional information about their masses or exact velocities; we cannot definitively conclude whether contact will occur.  **Step 3: Analyze Scene C**  In Scene C; the green object has slowed down even further and is now almost stationary in front of the red object. The yellow region remains unchanged. Given the minimal velocity difference between the two objects; there's a strong possibility that they will make contact with each other as their paths converge.  **Step 4: Analyze Scene D**  In Scene D; the green object has come to an abrupt halt just in front of the red object. The yellow region is positioned directly below the red object. With both objects now stationary relative to each other and given no external forces acting upon them; it's highly likely that they will make contact with the yellow region as their combined weight would cause them to fall together.  **Conclusion**  Considering all scenes; Scene D presents the most favorable conditions for the red object to make contact with the yellow region. The stationary positions of both objects and the absence of any external forces or obstacles ensure a direct collision that will result in the red object touching the yellow region.  Final Result: I predict that scene D will succeed.
96,4,Containment Scene,True,C,A,4,3,No,31.58,True_pilot-containment-multi-bowl-redyellow_0000_img.png,**Reasoning**  To determine which initial scene is most likely to result in the red object making contact with the yellow region; we need to analyze each scene step by step.  *   **Scene A**: In Scene A; the green object is moving towards the red object. The trajectory of both objects appears to be converging. Given that there are no obstacles or forces acting against this convergence and assuming gravity's influence on their motion; it seems probable that they will eventually collide with each other. However; without more information about the nature of their interaction (e.g.; elastic vs. inelastic collision); we cannot definitively predict whether the red object will make contact with the yellow region as a direct result of this collision. *   **Scene B**: In Scene B; the situation seems similar to Scene A but with the green object slightly ahead and moving towards the red object. Similar to Scene A; without specific details on how these objects interact upon contact (e.g.; bouncy or sticking); we cannot confidently conclude that the red object will make contact with the yellow region based solely on this initial setup. *   **Scene C**: In Scene C; the green object appears to be moving towards a different path compared to Scenes A and B. It seems less likely to collide directly with the red object in this configuration. However; without further information about any potential forces or interactions that might cause the trajectory of either object to change; we cannot rule out the possibility entirely. *   **Scene D**: In Scene D; the green object is positioned between the red object and the yellow region but does not appear to be on a direct collision course with the red object. This setup suggests a lower likelihood of the red object making contact with the yellow region due to the intervening green object.  **Final Result**  Based on the analysis; **I predict that scene A will succeed.**
97,1,Containment Scene,True,D,A,4,3,No,32.37,True_pilot-containment-multi-bowl-redyellow_0015_img.png,**Reasoning**  To determine which initial scene is most likely to result in the red object making contact with the yellow region; we need to analyze each scene step by step.  ### Scene A  * The green object is moving towards the red object. * The red object is stationary. * The trajectory of the green object suggests a collision course with the red object. * Assuming no external forces act on the objects and they follow physical laws; the green object will collide with the red object before it reaches the yellow region. * Therefore; in Scene A; the red object is unlikely to make contact with the yellow region.  ### Scene B  * The green object is moving away from the red object. * The red object is stationary. * The trajectory of the green object does not suggest a collision course with either the red object or the yellow region. * Given that the green object moves further away; it's unlikely to reach the yellow region before being deflected by the red object or losing momentum to continue towards the yellow area. * In Scene B; the red object is likely to make contact with the yellow region.  ### Scene C  * The green object is moving in a curved trajectory that doesn't intersect with either the red object or the yellow region directly. * The curvature suggests an intention for the green object to avoid both the red object and the yellow region. * Without any indication of external forces altering its path; the green object will not come into contact with the yellow region. * In Scene C; the red object is unlikely to make contact with the yellow region.  ### Scene D  * The green object is moving towards the red object but at an angle that does not intersect directly with the yellow region. * While the trajectory suggests a collision course between the green and red objects; it's less direct than in Scenes A or B. * Without specific details on the mass of the objects or any external forces affecting their motion; it's challenging to predict accurately. However; based on visual cues alone; this scenario seems less likely to result in contact with the yellow region compared to Scene B. * In Scene D; the red object is unlikely to make contact with the yellow region.  **Final Result**  Given the analysis of each scene; **Scene B** presents the highest likelihood for the red object to make contact with the yellow region due to its direct trajectory towards the yellow area without being deflected by the red object or losing momentum to continue towards it.
98,2,Containment Scene,True,A,B,4,3,No,35.69,True_pilot-containment-multi-bowl-redyellow_0015_img.png,Reasoning:  **Scene A**  * The green object is moving towards the red object. * The yellow region is positioned between the starting point of the green object and the red object's current location. * Due to gravity; both objects are accelerating downward at 9.8 m/s^2. * Given their initial velocities and positions; it is likely that the green object will collide with the red object before reaching the yellow region.  **Scene B**  * The green object has increased its horizontal velocity compared to Scene A. * This means it will reach the red object more quickly; reducing the likelihood of contact with the yellow region. * Despite this; if the green object's vertical component of velocity is high enough and it maintains a downward trajectory; there might still be a chance for contact.  **Scene C**  * The red object has changed direction to move towards the yellow region. * If the green object continues its original path without significant horizontal acceleration or deceleration; it will likely pass over the yellow region. * However; if the green object's trajectory is altered by external forces (e.g.; air resistance); there could be a slight chance for contact.  **Scene D**  * The red object has increased its vertical velocity compared to Scene A. * This means it is moving upwards and away from both the green object and the yellow region. * Given their relative positions; it is highly unlikely that the red object will make contact with the yellow region.  Final Result: I predict that scene B will succeed.
99,3,Containment Scene,True,C,B,4,1,No,44.50,True_pilot-containment-multi-bowl-redyellow_0015_img.png,**Step 1: Analyzing Scene A**  In Scene A; the green object is initially stationary above the red object. The yellow region is positioned below and slightly to the right of the red object.  *   **Initial State:** The green object's vertical velocity is zero. *   **Horizontal Velocity:** Assuming no horizontal force acts on the green object; its horizontal velocity remains constant at 0 m/s. *   **Trajectory:** Since there are no forces acting horizontally and vertically; the green object will not move towards the red object or the yellow region.  **Step 2: Analyzing Scene B**  In Scene B; the green object is again stationary above the red object. However; its horizontal velocity has increased compared to Scene A.  *   **Initial State:** The green object's vertical velocity remains zero. *   **Horizontal Velocity:** With a greater initial horizontal velocity; the green object will move towards the right side of the yellow region. *   **Trajectory:** Due to gravity; the green object's path will be curved downwards. However; its horizontal velocity ensures it will pass close to or over the yellow region.  **Step 3: Analyzing Scene C**  In Scene C; the green object has gained significant horizontal momentum and is now moving rapidly towards the right side of the scene.  *   **Initial State:** The green object's vertical velocity is still zero. *   **Horizontal Velocity:** With a much higher initial horizontal velocity than in Scenes A or B; the green object will likely overshoot the yellow region completely. *   **Trajectory:** Given its high speed and direction; the green object will not make contact with the yellow region.  **Step 4: Analyzing Scene D**  In Scene D; the green object's initial horizontal velocity is similar to that in Scene B but directed towards the left side of the scene.  *   **Initial State:** The green object's vertical velocity remains zero. *   **Horizontal Velocity:** With a moderate initial horizontal velocity; the green object will move towards the left side of the yellow region. *   **Trajectory:** Similar to Scene B; due to gravity and its horizontal velocity; the green object will pass close to or over the yellow region.  **Conclusion:**  Based on the analysis:  *   Scene A has zero chance of success because the green object does not move towards the red object or the yellow region. *   Scene C also has a low chance of success since the green object's high speed suggests it might overshoot the yellow region. *   Scenes B and D have an equal moderate chance of success due to the green object's horizontal velocity ensuring close proximity to but potentially not making contact with the yellow region.  **Final Result:**  I predict that scene B will succeed.
100,4,Containment Scene,True,B,D,4,3,No,38.11,True_pilot-containment-multi-bowl-redyellow_0015_img.png,**Reasoning**  To determine which initial scene is most likely to result in the red object making contact with the yellow region; let's analyze each scene step by step.  *   Scene A:     *   The green object appears to be stationary.     *   The red object is also stationary.     *   There is no indication of any motion that would cause the red object to collide with the yellow region.     *   Conclusion: The red object will not make contact with the yellow region in this scenario. *   Scene B:     *   The green object has moved towards the red object; and they are now closer together than in Scene A.     *   The trajectory of both objects suggests a potential collision course for the red object and the yellow region.     *   However; without additional information about their velocities or any external forces acting on them; it's challenging to predict with certainty whether the red object will make contact with the yellow region based solely on visual inspection.     *   Conclusion: The outcome in this scenario is uncertain due to insufficient data. *   Scene C:     *   Similar to Scene B; the green object has moved towards the red object and they are closer together than in Scene A.     *   However; unlike Scene B; there's no clear indication of a collision course between the red object and the yellow region.     *   Without specific details about the objects' velocities or any external forces affecting their motion; it's difficult to definitively conclude whether contact will be made based solely on visual analysis.     *   Conclusion: The outcome in this scenario is uncertain due to insufficient data. *   Scene D:     *   In contrast to Scenes A; B; and C; the green object has moved even closer to the red object.     *   The trajectory of both objects suggests a high likelihood that they will collide with each other; potentially sending the red object towards the yellow region.     *   Given the proximity of the green object to the red object and their apparent motion towards each other; it's reasonable to infer that the red object will indeed make contact with the yellow region.     *   Conclusion: The red object is likely to make contact with the yellow region in this scenario.  **Final Result**  I predict that scene D will succeed.
101,1,Containment Scene,True,D,C,4,3,No,28.86,True_pilot-containment-box-redyellow_0012_img.png,**Reasoning**  *   Scene A:     *   The green object is moving toward the red object; and its trajectory suggests it may pass close to or even hit the yellow region.     *   However; without more information about the velocity of the objects and their masses; it's difficult to predict the exact outcome with certainty.     *   Assuming standard physics principles apply; if the green object hits the red object before reaching the yellow region; contact with the yellow region is less likely. If not; the trajectory could result in a collision with the yellow region. *   Scene B:     *   The green object's path seems to be directed more toward the right side of the image; potentially avoiding both the red and yellow regions initially.     *   Given its initial direction; it might continue moving parallel to the ground or even slightly upward due to gravity but not necessarily towards the yellow region. *   Scene C:     *   The green object appears to be angled towards the top-left corner of the image; suggesting a trajectory that could potentially intersect with the path of the red object and possibly the yellow region as well.     *   Since the objects' velocities and masses are unknown; predicting exact outcomes based on angles alone is challenging. However; this setup seems more conducive to collision scenarios than others due to the potential overlap in paths. *   Scene D:     *   The green object's trajectory points towards the red object but also seems to be directed slightly away from the yellow region initially.     *   Similar to Scene A; without knowing the objects' speeds and masses; predicting a direct hit on the yellow region is speculative. It might pass close enough to make contact or miss entirely.  **Final Result**  I predict that scene C will succeed.
102,2,Containment Scene,True,B,D,4,2,No,26.92,True_pilot-containment-box-redyellow_0012_img.png,**Reasoning**  Scene A: - The green object is moving towards the red object. - The trajectory of both objects suggests a collision between them; which could then lead to the red object making contact with the yellow region after bouncing off or being deflected by another object.  Scene B: - Similar to Scene A; the initial setup implies an imminent collision between the red and green objects. - This collision would likely cause the red object to change its trajectory towards the yellow region.  Scene C: - In contrast to Scenes A and B; there's no immediate indication of a collision or contact between the red and green objects. - The red object appears to be moving away from both the green object and the yellow region; suggesting it may not make contact with the yellow area based on this initial frame alone.  Scene D: - This scene shows the red object already in motion towards the yellow region; with no indication of a collision or deflection by other objects. - The trajectory is clear and direct; indicating that; without any obstacles or changes in direction; the red object will likely make contact with the yellow region.  **Final Result** I predict that Scene D will succeed.
103,3,Containment Scene,True,A,D,4,3,No,38.62,True_pilot-containment-box-redyellow_0012_img.png,**Reasoning**  To determine which initial scene is most likely to result in the red object making contact with the yellow region; we need to analyze each scene step by step.  **Scene A**  * The green object is moving towards the red object. * The trajectory of the green object suggests that it will continue to move in this direction due to its velocity and momentum. * If the green object maintains its current speed and direction; it will likely collide with the red object before reaching the yellow region.  **Scene B**  * The green object is also moving towards the red object but at a slower pace compared to Scene A. * However; considering the initial positions and velocities of both objects; it's plausible that the green object could reach the yellow region before colliding with the red object. * Yet; without further analysis or additional frames; we cannot definitively conclude this outcome.  **Scene C**  * Similar to Scene B; the green object is moving towards the red object but at a slower pace than in Scenes A and B. * The trajectory of the green object suggests that it will continue to move in this direction due to its velocity and momentum. * However; without more information about the acceleration or deceleration of the objects; we cannot accurately predict whether the green object will reach the yellow region before colliding with the red object.  **Scene D**  * The green object is stationary next to the red object. * Given that there are no external forces acting on either object (such as gravity pulling them apart); it's likely that they will remain in close proximity to each other. * If both objects maintain their current positions and do not experience any changes in velocity or direction; they may eventually come into contact with one another.  **Final Result**  Based on the analysis of each scene; I predict that Scene D will succeed. The green object's stationary position next to the red object increases the likelihood of them coming into contact with each other; making it the most probable scenario among the four options.
104,4,Containment Scene,True,C,C,4,4,Yes,33.77,True_pilot-containment-box-redyellow_0012_img.png,**Reasoning for Scene A**  * The green object is moving towards the red object. * The trajectory of the green object suggests it will collide with the red object before reaching the yellow region. * Based on the initial velocity and direction; the red object's motion appears to be influenced by gravity but lacks sufficient horizontal momentum to reach the yellow region independently.  **Reasoning for Scene B**  * Similar to Scene A; the green object is moving towards the red object. * The angle of approach suggests a direct collision between the two objects. * Given their trajectories; it seems unlikely that either object will make contact with the yellow region before colliding with each other.  **Reasoning for Scene C**  * In this scenario; the green object has already collided with the red object and is now in motion together as one entity (assuming a perfectly elastic collision). * Due to conservation of momentum; their combined mass and velocity suggest they might have enough horizontal momentum to reach or bypass the yellow region. * However; without clear visual cues on how much energy was transferred during the collision or if there's any deceleration effect post-collision; predicting contact with the yellow region is less straightforward.  **Reasoning for Scene D**  * Here; the green object is still approaching but at a slightly different angle compared to Scenes A and B. * Given its trajectory; it seems more likely that this green object will collide with the red object first before reaching the yellow region. * Similar to Scenarios A and B; without further information on potential elastic collisions or energy transfer effects; predicting direct contact with the yellow region is challenging.  **Final Result**  I predict that scene C will succeed.
105,1,Containment Scene,True,D,A,4,3,No,35.23,True_pilot-containment-box-redyellow_0007_img.png,**Reasoning**  To determine which initial scene is most likely to result in the red object making contact with the yellow region; we need to analyze each scene step by step.  *   **Scene A**: The green object is moving towards the red object. If it continues on its current trajectory; it will collide with the red object before reaching the yellow region. *   **Scene B**: Similar to Scene A; the green object is also moving towards the red object. However; due to its slightly different angle and speed; it has a higher chance of passing by the red object and potentially hitting the yellow region instead. *   **Scene C**: In this scene; the green object appears to be falling downwards towards both the red object and the yellow region. Given its initial trajectory and velocity; there is an increased likelihood that it will hit the yellow region before or after colliding with the red object. *   **Scene D**: The green object seems to be moving in a way that could potentially pass over the red object without hitting it directly. However; depending on its exact path and speed; it might still make contact with either the red object or the yellow region.  **Final Result**  Considering the trajectories and velocities of the objects in each scene; **Scene C** presents the highest likelihood of success for the red object making contact with the yellow region. This is due to the green object's direct path towards both the red object and the yellow region; increasing the chances of a collision with either or both.
106,2,Containment Scene,True,C,A,4,3,No,36.59,True_pilot-containment-box-redyellow_0007_img.png,Reasoning:  **Scene A**  * The green object is moving towards the red object. * The red object is stationary; indicating no initial horizontal or vertical velocity. * Assuming gravity affects both objects equally and there are no external forces (like air resistance); both will fall at the same rate. * Since the green object has an initial vertical velocity component due to its motion towards the red object; it will reach a higher point before falling back down. * The trajectory of the green object suggests that if it were to collide with the red object or any other obstacle in its path (like the yellow region); it would do so at a certain height above the ground.  **Scene B**  * Similar to Scene A; the green object is moving towards the red object. * However; this time; both objects are at different heights initially. * The red object seems to be higher than the starting point of the green object in Scene A. * Given their relative positions and assuming no external forces other than gravity; they will follow a similar path as in Scene A but with the red object already having some vertical displacement.  **Scene C**  * In this scene; both objects are at almost the same height initially; but the green object has a slight horizontal velocity component towards the right. * This means it's not just moving straight down like in Scenes A and B; it also has a lateral motion component. * The trajectory of the green object in Scene C suggests that if it continues on its current path without any significant changes in velocity or direction; it will likely miss the red object and potentially hit the yellow region.  **Scene D**  * This scene is similar to Scene A but with a slight difference in initial positions. * However; based on the visual cues; both objects seem to be at roughly the same height; and there's no apparent horizontal velocity component for either object. * Similar to Scene A; if gravity remains the primary force affecting their motion; they will likely follow similar trajectories as described before.  **Comparison**  All scenes are quite close in terms of initial conditions and the dynamics involved. However; considering the slight variations and assuming all other factors remain constant (no external forces; perfect elasticity upon collision; etc.); I would lean towards Scene A having a slightly higher chance due to its simpler setup with no additional horizontal velocity components.  **Final Result**  I predict that scene A will succeed.
107,3,Containment Scene,True,A,C,4,1,No,38.10,True_pilot-containment-box-redyellow_0007_img.png,**Step 1: Analyze Scene A**  In Scene A; the green object is moving towards the red object. The trajectory of the green object suggests that it will continue to move in a straight line until it collides with the red object or reaches its maximum height before falling back down due to gravity.  The red object appears to be stationary at this point; but since all objects are free-moving and affected by gravity; it is likely that the red object will eventually start moving downwards under the influence of gravity. However; without any external force pushing or pulling the red object; its initial movement is not clear.  Given the lack of information on the red object's initial velocity or direction; we cannot confidently predict whether it will make contact with the yellow region in Scene A.  **Step 2: Analyze Scene B**  In Scene B; the green object has reached a higher altitude compared to Scene A. This indicates that the green object is gaining speed as it moves towards the red object. The increased height suggests an upward trajectory; which could result from either an initial vertical push or continuous acceleration due to gravity.  Assuming no external forces are acting on the red object; and considering its stationary position in this frame; we can infer that the red object will start falling downwards under the influence of gravity once it loses support (if any) or when it is released. This downward movement could potentially bring the red object into contact with the yellow region if the timing aligns correctly.  **Step 3: Analyze Scene C**  In Scene C; the green object has reached an even higher altitude than in Scene B. This continued increase in height suggests that the green object is either receiving a constant upward force or its acceleration due to gravity is being counteracted by another external force (though not explicitly mentioned).  The red object remains stationary at this point; but as with previous scenarios; it will start falling downwards under the influence of gravity once it loses support or is released. Given the vertical trajectory and increased height of the green object in Scene C; there's a higher likelihood that the red object could collide with the yellow region if their trajectories align correctly.  **Step 4: Analyze Scene D**  In Scene D; the green object has reached its maximum altitude before starting to descend. This scenario closely resembles Scene B but with an added layer of complexity due to the green object's descent.  The dynamics here are similar to those in Scene B; the green object is expected to move downwards under gravity; potentially colliding with the red object if their paths converge correctly. However; without explicit information on external forces or initial velocities affecting the red object; predicting its exact movement remains speculative.  **Conclusion and Final Result**  Based on the analysis of each scene; the most likely scenario for the red object making contact with the yellow region is Scene C. This conclusion stems from the observation that in Scene C; the green object has reached an even higher altitude than in previous scenes; indicating a continuous upward motion. Given this trajectory; there's a higher chance that the red object; once it starts falling due to gravity; will intersect with the yellow region.  Therefore; considering the dynamics and trajectories observed across all scenes:  Final Result: I predict that scene C will succeed.
108,4,Containment Scene,True,B,A,4,1,No,32.97,True_pilot-containment-box-redyellow_0007_img.png,"Reasoning:  Scene A:  *   The green object is moving towards the red object. *   The red object is stationary and not affected by gravity or any other external forces in this initial frame. *   Based on the trajectory of the green object; it appears to be heading directly towards the red object.  Given that there are no obstacles or forces acting against their collision; and considering the principles of physics (inertia and velocity); it is reasonable to conclude that:  Final Result: ""I predict that scene A will succeed.""  Scene B:  *   The green object has gained speed since Scene A and appears to be closing in on the red object. *   The trajectory remains direct towards the red object; indicating a high likelihood of collision. *   Without any external forces or obstacles altering their course; it is logical to deduce that:  Final Result: ""I predict that scene B will succeed.""  Scene C:  *   In this scenario; the green object has altered its trajectory significantly since Scenes A and B. *   It now appears to be moving parallel to the red object rather than directly towards it. *   Given the change in direction; it's less likely for a collision between the two objects to occur.  Thus;  Final Result: ""I predict that scene C will not succeed.""  Scene D:  *   The green object has undergone another trajectory shift and now seems to be moving away from the red object. *   This new path indicates a reduced likelihood of collision; as the distance between the objects is increasing rather than decreasing. *   Consequently;  Final Result: ""I predict that scene D will not succeed.""  Given these analyses; both Scenes A and B present conditions conducive to a collision between the green and red objects. However; considering the slight deviation in trajectory and potential for further adjustments or external influences not visible in this initial frame; Scene B's direct approach might be slightly more susceptible to actual contact due to its continuous and unaltered path towards the red object.  Final Result: ""I predict that scene B will succeed."""
109,1,Containment Scene,True,A,D,4,2,No,32.15,True_pilot-containment-torus-redyellow_0003_img.png,**Reasoning**  To determine which initial scene is most likely to result in the red object making contact with the yellow region; we need to analyze each scene step by step and consider the motion of the green object and the movement of the red object.  *   **Scene A**: The green object appears to be moving towards the red object. However; upon closer inspection; it seems that its trajectory is not directly aligned with the yellow region. While there's a possibility of contact if the green object continues on this path; the angle of approach suggests a higher likelihood of missing the yellow region. *   **Scene B**: In this scene; the green object's motion seems more conducive to potential contact with the red object and subsequently the yellow region. Its trajectory appears more aligned with the direction towards both objects; suggesting a closer encounter than in Scene A. *   **Scene C**: The positioning of the green object here does not seem as promising for contact with the yellow region. Its path does not appear to be directly towards either the red object or the yellow region; indicating a lower likelihood of successful contact compared to Scenes B and D. *   **Scene D**: In this final scene; the green object's trajectory looks most favorable for making contact with the red object and then potentially hitting the yellow region. Its path is more direct and aligned with both objects; suggesting a higher chance of successful contact.  **Final Result**  Given the analysis above; the initial scene that is most likely to result in the red object making contact with the yellow region is Scene D. This conclusion is based on the green object's trajectory being directly towards both the red object and the yellow region; indicating a high probability of successful contact.  I predict that scene D will succeed.
110,2,Containment Scene,True,D,B,4,3,No,38.73,True_pilot-containment-torus-redyellow_0003_img.png,Reasoning:  **Scene A**  *   The green object is initially moving towards the red object. *   As it approaches; its trajectory suggests a collision course with the red object. *   However; upon closer inspection; there's no indication of any external force or obstacle that would alter the path of either object. *   Assuming they continue their current trajectories without interference; the green object will likely collide with the red object first before reaching the yellow region.  **Scene B**  *   In this scene; both objects are moving towards each other but at different velocities and angles. *   The green object appears to be moving faster than the red object but is also slightly off-center from a direct collision path. *   Given their relative speeds and trajectories; it's plausible that the green object will reach the yellow region before colliding with the red object.  **Scene C**  *   Here; both objects are still moving towards each other but at very similar velocities and nearly parallel paths. *   There is no apparent external force or obstacle affecting their motion. *   Given their close proximity and similar speeds; it's likely that one of them will make contact with the yellow region before colliding with the other.  **Scene D**  *   In this scenario; the green object is moving directly towards the red object but at a significantly slower pace compared to the others. *   The trajectory suggests a collision course between the two objects. *   However; due to its slower speed; it's probable that the green object will reach the yellow region before colliding with the red object.  Final Result: I predict that scene B will succeed.
111,3,Containment Scene,True,C,A,4,1,No,38.96,True_pilot-containment-torus-redyellow_0003_img.png,**Reasoning for Scene A**  In this scenario; the red object is stationary on the ground; while the green object is moving towards it. The yellow region is positioned in front of the red object. Given the initial positions and velocities of the objects; it appears that the green object will continue to move forward until it collides with the red object or reaches the yellow region first.  Since the green object has a significant velocity component directed towards the red object; it is likely to collide with the yellow region before reaching the red object. However; without more information about the exact velocities and trajectories of the objects; we cannot rule out the possibility that the green object might change direction or slow down due to other factors not visible in this image.  **Reasoning for Scene B**  In this scenario; the green object is still moving towards the red object; but its velocity component perpendicular to the yellow region has increased. This suggests that the green object may have a higher chance of reaching the yellow region before colliding with the red object.  However; similar to Scene A; without more information about the exact velocities and trajectories of the objects; we cannot rule out the possibility that the green object might change direction or slow down due to other factors not visible in this image.  **Reasoning for Scene C**  In this scenario; the green object has a significant velocity component perpendicular to both the red object and the yellow region. This suggests that the green object may have a higher chance of reaching the yellow region before colliding with the red object.  However; since the green object is moving at an angle relative to both objects; it is possible that its trajectory will change due to interactions with other factors not visible in this image.  **Reasoning for Scene D**  In this scenario; the green object has a significant velocity component perpendicular to the yellow region. This suggests that the green object may have a higher chance of reaching the yellow region before colliding with the red object.  However; since the green object is moving at an angle relative to both objects; it is possible that its trajectory will change due to interactions with other factors not visible in this image.  **Final Result**  Based on the analysis of all four scenes; I predict that scene C has the highest chance of success. The green object's significant velocity component perpendicular to both the red object and the yellow region suggests a higher likelihood of reaching the yellow region before colliding with the red object.
112,4,Containment Scene,True,B,C,4,2,No,37.70,True_pilot-containment-torus-redyellow_0003_img.png,"**Step 1: Scene Analysis**  Let's analyze each scene step by step.  *   **Scene A:** The green object is moving towards the red object; and the trajectory suggests a collision with the yellow region. However; without more context or movement information; it's challenging to determine if this collision will occur or not. *   **Scene B:** Similar to Scene A; the green object appears to be heading towards the red object. The path of motion seems uncertain due to insufficient details about velocity and acceleration. *   **Scene C:** In this scene; the green object is positioned closer to the yellow region than in Scenes A and B. Its trajectory indicates a possible collision with the yellow area before reaching the red object. *   **Scene D:** This scene shows the green object farther away from both the red object and the yellow region compared to the other scenes. The path of motion doesn't clearly indicate an impending collision.  **Step 2: Physical Reasoning**  Based on physical laws; we can infer that:  *   If the green object continues its current trajectory without significant changes in velocity or direction; it's likely to collide with the red object first. *   However; considering gravity and potential minor adjustments in path due to air resistance (not explicitly mentioned but assuming as per typical physics); there's a possibility for slight deviations.  **Step 3: Conclusion**  Given these observations:  *   **Scene C** has the highest likelihood of success because the green object is closest to the yellow region; suggesting a more direct collision course compared to the other scenes.  **Final Result:** ""I predict that scene C will succeed."""
113,1,Containment Scene,True,A,D,4,2,No,33.70,True_pilot-containment-torus-redyellow_0020_img.png,Reasoning: Analyzing each scene step by step; focusing on the motion of the green object and the movement of the red object.  Scene A: * The green object is moving towards the right. * The red object appears to be stationary or moving at a slower pace than the green object. * Due to its initial position and speed; it seems unlikely that the red object will make contact with the yellow region in this scene.  Scene B: * Similar to Scene A; the green object is moving to the right. * However; there's no visible indication of the red object moving or being affected by gravity yet. * Without additional context about its initial speed or direction; it's challenging to predict if the red object will make contact with the yellow region.  Scene C: * The green object has changed direction and is now moving upwards and slightly towards the left. * The red object appears stationary but could be influenced by gravity; potentially falling down towards the yellow region over time. * Given the green object's new trajectory; it seems unlikely to directly collide with the red object or affect its path significantly.  Scene D: * In this scene; both objects are moving in roughly the same direction (to the right); which suggests a potential collision between them. * The green object is closer to the yellow region than the red object; but if they continue on their current paths; it's possible for the red object to eventually make contact with the yellow region due to its interaction with the green object.  Final Result: I predict that scene D will succeed.
114,2,Containment Scene,True,B,D,4,1,No,36.65,True_pilot-containment-torus-redyellow_0020_img.png,**Reasoning**  To determine which initial scene is most likely to result in the red object making contact with the yellow region; we need to analyze each scene step by step.  **Scene A**  In Scene A; the green object is moving towards the right side of the screen. The red object is stationary at the bottom center of the screen. Given the direction and speed of the green object; it appears that the green object will continue its trajectory and pass above the yellow region without making contact with the red object.  **Scene B**  In Scene B; the green object has moved further to the right side of the screen compared to Scene A. The red object remains stationary at the bottom center of the screen. Based on the current position and speed of the green object; it seems that the green object will maintain its course and not make contact with the yellow region.  **Scene C**  In Scene C; the green object has moved even further to the right side of the screen compared to Scenes A and B. The red object still remains stationary at the bottom center of the screen. Given the continued movement of the green object towards the right edge of the screen; it appears that the green object will not make contact with the yellow region.  **Scene D**  In Scene D; the green object has moved back to the left side of the screen and is now positioned directly above the red object. The yellow region is still visible below the red object. Considering the current position and speed of the green object; it seems likely that the green object will make contact with the red object before reaching the yellow region.  **Final Result**  Based on the analysis of each scene; I predict that Scene D will succeed; as the green object appears to be on a collision course with the red object.
115,3,Containment Scene,True,C,D,4,1,No,38.71,True_pilot-containment-torus-redyellow_0020_img.png,**Step 1: Analyzing Scene A**  In Scene A; the green object is positioned above and slightly behind the red object. The trajectory of the green object suggests it will continue moving towards the red object due to its initial velocity and direction.  *   **Initial Motion:** The green object's motion is influenced by its initial velocity and gravity. *   **Collision Course:** With no obstacles in sight; the green object is likely to maintain a direct path towards the red object. *   **Red Object's Response:** Given the red object's position relative to the yellow region; it seems poised to move away from the yellow area initially.  **Step 2: Analyzing Scene B**  In Scene B; the green object has already made contact with the red object. This collision will alter both objects' trajectories based on their mass and velocity at impact.  *   **Collision Dynamics:** The nature of this collision (elastic or inelastic) will determine how much energy is transferred between the objects. *   **Post-Collision Trajectory:** Assuming an elastic collision; the green object could bounce back towards the yellow region after impacting the red object. However; without specific details on collision dynamics; we'll assume a deviation from the direct trajectory.  **Step 3: Analyzing Scene C**  In Scene C; the green object is positioned to strike the red object at its rear end. This impact could alter the red object's path significantly due to the change in its center of mass and potential spin or rotation.  *   **Impact Dynamics:** Similar to Scene B; understanding whether this collision is elastic or inelastic is crucial for predicting post-collision behavior. *   **Red Object's Path Change:** The impact at the rear could cause the red object to pivot or rotate; potentially altering its trajectory towards or away from the yellow region.  **Step 4: Analyzing Scene D**  In Scene D; the green object appears to be on a collision course with the yellow region itself. Without any apparent interaction with the red object; we can assume this scenario focuses solely on the green object's path.  *   **Direct Impact:** Given no other objects in its vicinity; the green object is likely to impact the yellow region directly. *   **Red Object's Role:** Since there's no indication of collision or interaction between the red and green objects here; we focus solely on the green object's trajectory towards the yellow area.  **Conclusion:**  Based on the analysis:  - Scene D offers the most direct path for an object (the green object) to make contact with another object (the yellow region); without any initial collisions altering trajectories. - Scenes A and C introduce variables through potential collisions that could influence final paths; making their outcomes less predictable based solely on initial conditions. - Scene B; having already experienced a collision; introduces complexity in determining the red object's future path due to the altered dynamics post-collision.  **Final Result:** I predict that scene D will succeed.
116,4,Containment Scene,True,D,C,4,3,No,29.38,True_pilot-containment-torus-redyellow_0020_img.png,**Reasoning**  ### Scene A  * The green object is moving towards the red object. * The trajectory of the green object suggests a collision course with the red object. * Since there's no stickiness between objects and they follow physical laws; a collision is likely to occur. * Assuming the red object doesn't change its path significantly; it will most likely interact with another object before reaching the yellow region.  ### Scene B  * The green object has already collided with the red object; creating an initial momentum transfer. * This collision alters the trajectory of both objects but doesn't guarantee a direct hit to the yellow region for the red object. * Considering the new velocities and directions post-collision; the red object may not directly interact with the yellow region.  ### Scene C  * The green object is moving towards the red object but hasn't yet made contact. * This setup suggests a potential collision similar to Scene A; depending on their relative speeds and trajectories. * Given no other elements are present that could significantly alter the path of either object; this scene has a higher likelihood than Scenes B and D due to the impending collision.  ### Scene D  * The green object is far from both the red object and the yellow region at this moment. * Without additional information on their speeds or any external forces acting on them; predicting contact with the yellow region based solely on visual content is challenging. * However; considering typical dynamics; it's less likely compared to scenes where collisions are imminent.  **Final Result**  I predict that scene C will succeed.
117,1,Containment Scene,True,D,C,4,2,No,37.74,True_pilot-containment-vase-redyellow_0006_img.png,"Let's analyze each scene step by step:  **Scene A**  * The green object is moving towards the red object. * The yellow region is below and slightly to the right of the red object. * Given the trajectory of the green object; it seems likely that it will pass above the red object and not make contact with the yellow region.  **Scene B**  * The green object is still moving towards the red object. * However; its path has shifted slightly to the left; making it more likely to hit the yellow region on the right side of the red object. * Despite this shift; the green object's velocity and direction suggest that it might not have enough time to make contact with the yellow region before passing by.  **Scene C**  * The green object is now moving at an angle towards the red object; which is positioned below and slightly to the left. * The yellow region is still above the red object but is now more directly in line with the trajectory of the green object. * This setup makes it seem probable that the green object will make contact with the yellow region.  **Scene D**  * The green object has changed direction significantly; moving towards the top-left corner of the image. * Its new path does not intersect with either the red object or the yellow region in a way that would result in contact. * Therefore; it appears unlikely that the red object will make contact with the yellow region.  Based on this analysis:  Final Result: ""I predict that scene C will succeed."""
118,2,Containment Scene,True,B,C,4,1,No,38.22,True_pilot-containment-vase-redyellow_0006_img.png,**Reasoning**  ### Scene Analysis  *   **Scene A**: The green object is positioned above the red object; indicating a potential collision if it continues moving downward. However; due to its initial velocity and direction; it seems unlikely to directly hit the yellow region.     *   Prediction: No *   **Scene B**: The green object is now closer to the ground but still not aligned with the yellow region. Its trajectory suggests it might pass by or potentially hit the red object first before reaching the yellow area if its velocity remains constant.     *   Prediction: No *   **Scene C**: In this scenario; the green object has moved further down and is now more aligned with both the red object and the yellow region. Given its velocity and direction; it appears likely to make contact with either the red object or the yellow region first; depending on their relative velocities.     *   Prediction: Yes *   **Scene D**: The green object is at its lowest point but still not directly above the yellow region. Its path suggests it could hit the ground before reaching the yellow area if its velocity remains consistent.     *   Prediction: No  ### Conclusion  Based on the analysis; Scene C presents the highest likelihood of success as the red object will make contact with the yellow region due to the alignment and trajectories of both objects.  **Final Result**: I predict that scene C will succeed.
119,3,Containment Scene,True,C,A,4,1,No,35.39,True_pilot-containment-vase-redyellow_0006_img.png,**Reasoning**  To determine which initial scene is most likely to result in the red object making contact with the yellow region; we need to analyze each scene step by step.  *   Scene A:     *   The green object is moving towards the red object.     *   The trajectory of the green object suggests it will collide with the red object before reaching the yellow region.     *   As a result; the red object is unlikely to make contact with the yellow region in this scenario. *   Scene B:     *   Similar to Scene A; the green object's path indicates an impending collision with the red object.     *   This collision will occur before the red object can reach the yellow region; making it improbable for the red object to come into contact with the yellow region in this case either. *   Scene C:     *   In contrast to Scenes A and B; the green object does not appear to be on a direct collision course with the red object.     *   Instead; its trajectory suggests that after passing close to the red object; it will continue towards the yellow region without impacting the red object first.     *   This scenario presents an opportunity for the red object to potentially reach and make contact with the yellow region due to the green object not blocking its path. *   Scene D:     *   Similar to Scene C; the green object's trajectory does not suggest an immediate collision with the red object.     *   However; upon closer inspection; it seems less likely for the red object to reach the yellow region compared to Scene C because the green object might still pose a barrier or influence on the red object's path.  **Final Result**  Given the analyses above; **Scene C** presents the highest likelihood of success for the red object making contact with the yellow region due to the absence of an immediate collision with the green object.
120,4,Containment Scene,True,A,A,4,4,Yes,44.83,True_pilot-containment-vase-redyellow_0006_img.png,**Reasoning**  ### Scene A  * The green object is moving towards the red object. * Assuming a constant velocity; the green object will eventually collide with the red object. * Since there's no stickiness between objects and they move freely according to physical laws; this collision will likely cause both objects to change direction. * However; if the green object has enough momentum; it could push the red object towards the yellow region. * Without more information about the objects' masses or velocities; we can't accurately predict their trajectories beyond the initial collision.  ### Scene B  * The green object is moving away from the red object. * Given its current trajectory and assuming constant velocity; the green object will not collide with the red object. * Since there's no stickiness between them; they won't attach to each other. * Thus; it's unlikely the red object will make contact with the yellow region due to the initial separation.  ### Scene C  * The green object is moving towards the red object but at an angle that won't result in a direct collision. * Assuming constant velocity and no external forces affecting their trajectories; the objects will pass each other without colliding. * Given this scenario; it's unlikely the red object will make contact with the yellow region.  ### Scene D  * The green object is moving towards the red object but at an angle that could result in a collision. * Assuming constant velocity and no external forces affecting their trajectories; there's a possibility the objects might collide. * If they do; depending on the velocities and masses involved; the red object could be pushed towards or away from the yellow region. * Without more detailed information about these factors; it's challenging to predict with certainty.  **Final Result**  Based on the initial positions and trajectories of the objects in each scene; considering the principles of physics (e.g.; constant velocity; no stickiness); I conclude that:  I predict that scene A will succeed.
121,1,Containment Scene,True,C,B,4,1,No,34.47,True_pilot-containment-cylinder-bowl-redyellow_0011_img.png,Reasoning:  **Scene A**  * The green object is moving towards the red object. * The red object appears to be stationary or moving very slowly. * If the green object continues on its current trajectory; it will likely collide with the red object before reaching the yellow region.  Prediction: No  **Scene B**  * The green object has already passed the red object and is now heading towards the yellow region. * Assuming no significant changes in velocity or direction; the green object will likely make contact with the yellow region without colliding with the red object first.  Prediction: Yes  **Scene C**  * The green object is still moving away from the red object. * Although it's slightly closer to the yellow region than in Scene A; its trajectory suggests that it might not reach the yellow region before being intercepted by the red object or changing direction due to other factors not visible in this image.  Prediction: No  **Scene D**  * The green object is positioned between the red object and the yellow region. * Its trajectory appears to be aimed directly at the yellow region; with a high likelihood of making contact without encountering the red object first.  Prediction: Yes  Final Result: I predict that scene B will succeed.
122,2,Containment Scene,True,D,A,4,2,No,35.11,True_pilot-containment-cylinder-bowl-redyellow_0011_img.png,Reasoning:  **Scene A:**  * The green object is moving towards the red object at an angle. * The trajectory of the green object suggests it will collide with the red object; changing its course. * After colliding with the red object; both objects will continue to move forward. * If the collision is not perfectly elastic and some energy is lost as heat or sound; the red object may slow down slightly but still maintain enough speed to reach the yellow region before losing momentum. * Given the initial velocity and angle of the green object; there's a high likelihood it will make contact with the yellow region after colliding with the red object.  **Scene B:**  * The green object is moving directly towards the red object without any notable curvature in its trajectory. * This direct path means that upon impact; both objects will likely continue in their current direction but at slower speeds due to the energy lost during collision. * Assuming minimal loss of kinetic energy and no significant change in velocity after the collision; the red object may not have enough speed or momentum to reach the yellow region before coming to a complete stop.  **Scene C:**  * The green object is moving towards the red object but at a more perpendicular angle compared to Scene A. * This angle suggests a potential glancing blow between the two objects rather than a head-on collision; which could alter their trajectories significantly. * Given the angles and initial speeds; it's less clear whether either object will have enough momentum to reach the yellow region after any collision that might occur.  **Scene D:**  * The green object is moving towards the red object but with a significant curvature in its trajectory; indicating a potential change in direction. * If this curvature continues as the objects approach each other; it's possible the green object could pass by the red object without colliding directly into it. * Without a direct collision or any notable energy transfer between the objects; it seems unlikely the red object will have enough momentum to reach the yellow region.  **Final Result:**  I predict that scene A will succeed.
123,3,Containment Scene,True,B,A,4,2,No,40.06,True_pilot-containment-cylinder-bowl-redyellow_0011_img.png,"**Step 1: Analyze Scene A**  In Scene A; the red object is at rest on a flat surface. The green object is moving towards it but appears to be moving in a straight line parallel to the surface. Given this initial setup; both objects seem to have equal and opposite horizontal velocities.  *   Since there are no visible forces acting on either object other than gravity; which affects their vertical motion equally; they will not change their horizontal trajectory. *   As the green object continues its path towards the red object; it will eventually collide with it due to their parallel paths and lack of any force causing them to diverge.  **Step 2: Analyze Scene B**  In Scene B; both objects are moving in a straight line but in opposite directions. The red object has an initial velocity that is slightly greater than the green object's initial velocity.  *   Since they move directly towards each other and there are no external forces affecting their horizontal motion; they will continue on these paths until collision. *   Their different velocities mean one must catch up to the other but ultimately; due to gravity affecting them equally (in terms of vertical movement); they will meet at some point.  **Step 3: Analyze Scene C**  In Scene C; both objects are moving in a straight line but again in opposite directions. However; this time; the red object has an initial velocity that is significantly greater than the green object's.  *   Given their relative velocities and assuming no external forces acting on them other than gravity (which affects vertical movement equally); they will still converge. *   The difference in speed means one catches up to the other more quickly; but because of gravity's equal effect on both vertically; they will eventually meet.  **Step 4: Analyze Scene D**  In Scene D; the red object is stationary while the green object moves towards it. However; the trajectory of the green object suggests it may pass by the red object without colliding due to its curved path.  *   Since there are no visible forces causing a deviation from their current paths (apart from gravity); and given the curvature of the green object's path away from direct collision with the red object; it appears less likely they will collide compared to the other scenes analyzed. *   Gravity affects both objects equally but does not alter their horizontal trajectories; thus; based on initial velocities and paths; a collision seems less probable here.  **Conclusion**  Based on physical reasoning and visual content; Scene A has the highest likelihood of success in terms of the red object making contact with the yellow region. This is because both objects are moving directly towards each other without any force causing them to diverge or change their trajectory significantly.  Final Result: ""I predict that scene A will succeed."""
124,4,Containment Scene,True,A,A,4,4,Yes,36.77,True_pilot-containment-cylinder-bowl-redyellow_0011_img.png,Reasoning:  **Scene A:**  * The green object is moving towards the red object; and both objects are subject to gravity. * Since there's no stickiness between them; they'll continue moving according to their initial velocities and directions until a collision occurs or one of them lands on the ground. * Assuming the green object has enough horizontal velocity and doesn't slow down too much due to air resistance; it will likely collide with the red object before either object reaches the yellow region.  **Scene B:**  * Similar to Scene A; both objects are moving towards each other under gravity's influence. * However; in this scenario; the green object seems to have a bit more horizontal velocity than in Scene A; making it more likely to bypass the red object and continue towards the yellow region before any collision occurs.  **Scene C:**  * In this case; the green object appears to be moving at an angle that would allow it to pass by the red object without colliding. * Given its trajectory and assuming no significant air resistance; the green object will likely land near or on top of the yellow region without making contact with the red object first.  **Scene D:**  * The green object is moving horizontally towards the left side of the image; while the red object remains stationary at the right side. * Since there's no indication that the red object starts moving in this scene; and given its position relative to the yellow region; it seems unlikely for the red object to make contact with the yellow region based solely on the initial conditions.  Final Result: I predict that Scene A will succeed.
125,1,Containment Scene,True,B,C,4,2,No,30.47,True_pilot-containment-box-redyellow_0014_img.png,"Reasoning:  **Scene A Analysis**  *   The green object is moving towards the red object. *   The yellow region is positioned below and to the right of the red object's current path. *   Given the direction and speed of the green object; it appears that the red object will continue its trajectory without making contact with the yellow region.  **Scene B Analysis**  *   The green object has changed direction and is now moving towards the top-right corner of the image. *   The red object seems to be following a curved path; possibly influenced by gravity or an external force. *   Based on this analysis; it's likely that the red object will pass above the yellow region without making contact.  **Scene C Analysis**  *   The green object has altered its trajectory again; moving towards the bottom-left corner of the image. *   The red object appears to be slowing down or reversing direction due to gravity or an external force. *   Given this change in motion; it's probable that the red object will make contact with the yellow region as it slows down.  **Scene D Analysis**  *   The green object is moving towards the top-left corner of the image. *   The red object seems to be maintaining a relatively straight path; possibly influenced by gravity or an external force. *   Based on this analysis; it's unlikely that the red object will make contact with the yellow region.  **Conclusion and Final Result**  The initial scene most likely to result in the red object making contact with the yellow region is Scene C. This conclusion is based on the observation of changes in motion and the influence of gravity or external forces on the objects' trajectories. Therefore; I predict that scene C will succeed.  Final Result: ""I predict that scene C will succeed."""
126,2,Containment Scene,True,A,A,4,4,Yes,44.90,True_pilot-containment-box-redyellow_0014_img.png,Reasoning:  **Scene A:**  1. The green object is moving towards the red object. 2. Both objects are subject to gravity; which affects their motion. 3. The yellow region does not appear to be in direct contact with either object initially. 4. Assuming no external forces are acting on these objects (like air resistance); they will continue moving according to their initial velocities and directions. 5. Given the green object's trajectory; it seems likely that it will collide with the red object due to its path and velocity. 6. The collision between the two objects could lead to a change in direction or velocity for one or both of them. 7. However; without additional information about the masses or velocities of these objects; predicting exactly how they'll interact is challenging. 8. Considering the principles of physics and the setup provided; it's reasonable to infer that an impact between the green and red objects could be imminent.  **Scene B:**  1. Similar to Scene A; the green object is moving towards the red object under gravity's influence. 2. The yellow region appears closer to the red object than in Scene A but still does not directly interact with either object at this moment. 3. Given the similar setup and assuming no external factors are present; it's plausible that a collision between the green and red objects will occur based on their trajectories and the absence of any force preventing them from colliding. 4. The physics governing this situation would dictate how these objects interact upon impact.  **Scene C:**  1. In Scene C; the green object is positioned differently compared to Scenes A and B. 2. It now appears closer to the yellow region but still moving towards the red object. 3. Given its path; it seems probable that the green object will collide with either the red object or the yellow region first. 4. The physics involved would dictate which of these interactions occurs based on their relative velocities; masses; and positions.  **Scene D:**  1. In Scene D; the setup is different from the previous scenes; as the green object's trajectory does not directly suggest a collision with the red object or the yellow region immediately. 2. The green object appears to be moving away from both objects; which might indicate that it will miss colliding with them based on its current path and velocity. 3. However; without additional information about how these objects interact (e.g.; whether they bounce off each other); predicting their exact behavior over time is challenging.  Final Result: I predict that scene A will succeed.
127,3,Containment Scene,True,C,A,4,3,No,34.68,True_pilot-containment-box-redyellow_0014_img.png,**Reasoning for Scene A**  * The green object is moving towards the red object. * The red object is stationary and has not yet started moving. * Gravity affects all objects; but since the red object is at rest; its motion is negligible initially. * Assuming no external forces act on the red object (no air resistance or other influences); it will remain still until an impact from another object or a force acts upon it.  **Prediction for Scene A**  Given that the green object's trajectory suggests collision with the red object and considering the lack of immediate motion by the red object; there is a high likelihood of contact between the two objects. However; without additional context on how these collisions resolve (e.g.; elastic vs. inelastic); we cannot definitively say if the red object will make direct contact with the yellow region or another object first.  **Reasoning for Scene B**  * Similar to Scene A; the green object is moving towards the red object. * The setup seems identical; suggesting similar dynamics as in Scene A. * The absence of additional forces (like air resistance) means the objects' motion remains consistent with physics laws.  **Prediction for Scene B**  Like Scene A; due to the similarity in setup and assuming no external interference; there's a high likelihood that the green object will collide with the red object. However; without specific details on collision outcomes; it's challenging to ascertain if contact with the yellow region is inevitable.  **Reasoning for Scene C**  * This scene depicts a different arrangement where both objects appear to be moving towards each other. * The trajectory of the green object seems altered compared to Scenes A and B; it might not necessarily collide with the red object first; potentially altering the course of events.  **Prediction for Scene C**  Given the changed dynamics in this scenario; there's a decreased likelihood that the red object will make contact with the yellow region directly. The altered trajectory could mean the green object collides with another entity or changes direction before impacting the yellow area.  **Reasoning for Scene D**  * This scene shows an even more divergent setup from previous scenes. * Both objects are now positioned closer to the yellow region; suggesting a higher probability of contact between them and potentially altering trajectories towards the yellow region.  **Prediction for Scene D**  Considering the initial positions and assuming similar physics apply without additional forces influencing the red object's motion; there is a significant chance that one or both objects will make contact with the yellow region. The proximity to the yellow area increases the likelihood of such an event occurring.  **Conclusion**  Based on physical reasoning and visual content analysis; **Scene D** presents the highest likelihood of success in terms of the red object making contact with the yellow region due to its closer initial position to the yellow area compared to the other scenarios.
128,4,Containment Scene,True,D,B,4,3,No,28.66,True_pilot-containment-box-redyellow_0014_img.png,**Reasoning:**  Scene A: - The green object is moving towards the red object. - There's no clear indication of a collision or contact between the objects and the yellow region in this initial frame. - Based on the trajectory; it seems unlikely that the red object will make contact with the yellow region.  Scene B: - The green object appears to be slightly above the red object but is moving towards it. - Without more frames showing the interaction between the objects; it's difficult to predict a collision or contact with the yellow region. - However; based on its trajectory; there might not be enough time for the red object to reach the yellow region.  Scene C: - The green object has already passed by the red object and is moving away from it. - Given this separation in their paths; it's unlikely that the red object will make contact with the yellow region.  Scene D: - The green object is about to pass close to or over the red object. - Since both objects are free-moving and affected by gravity; without more frames showing direct interaction; it's challenging to predict a collision or contact with the yellow region. - However; given their trajectories; there might be a slight chance for the red object to reach the yellow region.  **Final Result:** I predict that scene B will succeed.
129,1,Containment Scene,True,D,A,4,3,No,40.21,True_pilot-containment-torus-redyellow_0006_img.png,**Reasoning**  To determine which initial scene is most likely to result in the red object making contact with the yellow region; we need to analyze each scene step by step.  Scene A:  * The green object is moving towards the red object. * The red object is stationary at this moment. * Assuming the green object continues its trajectory and doesn't change direction or speed significantly before reaching the red object: 	+ If the green object maintains its current velocity; it will likely collide with the red object. 	+ After colliding with the red object; both objects will continue moving under gravity's influence. 	+ Depending on their masses; velocities; and angles of incidence; they might bounce off each other or stick together if they have enough kinetic energy to overcome any static friction between them. However; since there's no mention of stickiness or forces holding them back: 	+ They'll likely separate after the collision due to inertia; possibly bouncing away from each other. * Given these dynamics; it seems plausible that the red object could come into contact with the yellow region during its flight after being struck by the green object.  Scene B:  * The situation here appears similar to Scene A; but with a slightly different initial setup: 	+ The green object is closer to the red object than in Scene A. 	+ The trajectory of both objects would need to be analyzed for their future paths. Assuming similar dynamics as before: 	+ Collision between the two objects seems inevitable based on current trajectories and velocities. 	+ After the collision; the outcome would depend on mass ratios; angles of incidence; and so forth. However; without detailed calculations or simulations: 	+ It's reasonable to infer that at least one object could end up near or touching the yellow region after the collision.  Scene C:  * In this scene; the green object appears to be moving away from the red object. * The dynamics are less straightforward compared to Scenes A and B because the initial setup suggests a repulsive force or momentum rather than an attractive one: 	+ Without significant changes in velocity or direction before reaching their final positions; it seems unlikely that the objects will collide directly. 	+ If they do not collide; then there's little chance for the red object to make contact with the yellow region.  Scene D:  * Here; both the green and red objects seem to be moving away from each other initially: 	+ Given their current trajectories and assuming no changes in velocity or direction before reaching their final positions: 	+ It appears unlikely that they will collide directly. If so; it would likely result in a glancing blow rather than a head-on collision. 	+ Without a direct collision; the chance for the red object to make contact with the yellow region diminishes.  **Final Result**  Based on the analysis of each scene; considering the initial positions and trajectories of the objects involved:  I predict that **Scene A** will succeed.
130,2,Containment Scene,True,C,A,4,1,No,28.91,True_pilot-containment-torus-redyellow_0006_img.png,Reasoning:  **Scene A Analysis**  * The green object is moving towards the red object. * The trajectory of the green object suggests it will pass close to or possibly contact the yellow region before reaching the red object. * However; based on its velocity and direction; it seems more likely that the green object will miss the yellow region.  **Scene B Analysis**  * The green object is moving towards the red object at an angle that does not align with the yellow region's position. * Given this trajectory; the green object appears unlikely to make contact with the yellow region as it moves closer to the red object.  **Scene C Analysis**  * The green object is positioned above and slightly ahead of the red object. * Its path suggests it will likely pass over or near the yellow region before reaching the red object. * This trajectory indicates a low likelihood of the green object making contact with the yellow region based on its initial direction and speed.  **Scene D Analysis**  * The green object is heading directly towards the red object from above; but at an angle that suggests it will miss the yellow region as it approaches the red object. * Its trajectory does not align well with the position of the yellow region; making a collision less probable compared to other scenes analyzed.  Final Result: I predict that scene A will succeed.
131,3,Containment Scene,True,B,B,4,4,Yes,34.17,True_pilot-containment-torus-redyellow_0006_img.png,Reasoning:  **Scene A:**  1. The green object is moving towards the red object. 2. The red object is currently stationary. 3. Based on the trajectory of the green object; it appears to be gaining speed as it approaches the red object. 4. If this trend continues; the green object will likely collide with the red object before reaching the yellow region.  **Scene B:**  1. The green object has already passed the midpoint between its initial position and the red object. 2. It is now moving at a slower pace due to the influence of gravity and possibly air resistance (though not explicitly mentioned). 3. Although the green object's velocity has decreased; it still appears to be on track to collide with the red object before reaching the yellow region.  **Scene C:**  1. The green object has significantly slowed down since Scene B. 2. However; due to its initial momentum and the lack of any visible obstacles or decelerating forces between Scenes B and C; it is likely that the green object will continue moving towards the red object at a reduced speed. 3. Given this trajectory; the green object seems poised to collide with the red object rather than reaching the yellow region.  **Scene D:**  1. The green object has entered a phase of rapid deceleration; indicated by its significant slowdown and apparent change in direction. 2. This sudden decrease in velocity suggests that the green object may have encountered an unseen obstacle or force not visible in the images provided. 3. As a result; it is less likely for the green object to collide with the red object first; instead; it might reach the yellow region before making contact with the red object.  Final Result: I predict that scene B will succeed.
132,4,Containment Scene,True,A,C,4,1,No,40.70,True_pilot-containment-torus-redyellow_0006_img.png,Reasoning:  **Scene A**  * The green object is moving towards the red object at an angle. * Assuming no external forces or obstacles; the green object's trajectory suggests it will continue to move in a straight line until it collides with the red object. * At the point of collision; both objects will change direction due to the conservation of momentum and energy. * As the red object is stationary initially; its velocity at the time of collision will be zero. However; after the collision; it will gain velocity opposite to the direction of the green object's motion. * Given that there are no other forces or constraints mentioned (such as friction); the red object will continue moving in a straight line until it reaches the yellow region. * The relative velocities and masses of the objects suggest an elastic collision where both objects bounce off each other; but without specific details on their masses; we can't predict the exact outcome. However; based on typical physics scenarios; if the green object is lighter or has less momentum than the red object; it's likely to rebound back towards its starting position. * The combination of these factors indicates that the red object will make contact with the yellow region.  **Scene B**  * This scenario appears identical to Scene A in terms of initial conditions and forces at play (assuming no external influences). * Thus; based on the same physical principles outlined for Scene A; it is also likely that the red object will make contact with the yellow region due to its rebound after the collision with the green object.  **Scene C**  * In this scenario; the green object's trajectory intersects more closely with the path of the red object. * The initial conditions suggest a more direct and faster collision between the two objects compared to Scenes A and B. * Following the principles outlined for Scene A; this scenario also supports the likelihood that the red object will make contact with the yellow region due to its rebound after the collision.  **Scene D**  * This scene shows the green object starting at a higher altitude compared to the other scenarios. * The initial conditions suggest a slower approach towards the red object and potentially less direct impact unless an external force or gravity causes a deviation in the trajectory of either object. * However; without explicit mention of air resistance or any other forces acting on these objects beyond gravity; we can infer that their motion will follow parabolic paths under the sole influence of gravity. * Given this assumption and considering typical physics scenarios where such collisions occur; it's less clear whether the red object would make contact with the yellow region compared to the directness observed in Scenes A; B; and C.  Final Result: I predict that scene C will succeed.
133,1,Containment Scene,True,B,A,4,1,No,36.00,True_pilot-containment-vase-redyellow_0016_img.png,**Reasoning**  To determine which initial scene is most likely to result in the red object making contact with the yellow region; we need to analyze each scene step by step.  Scene A:  * The green object is moving towards the red object. * The red object has a slight upward trajectory; but it's not enough to avoid collision with the yellow region. * Given the initial positions and trajectories of both objects; there's a high likelihood that they will collide with the yellow region due to their paths converging.  Scene B:  * The green object is still moving towards the red object. * However; the red object has started to move downwards at an angle; which might help it avoid collision with the yellow region. * Although the motion of both objects suggests a potential collision; the trajectory of the red object might be enough to evade contact.  Scene C:  * The green object is now moving away from the red object. * The red object has continued its downward trajectory and appears to be on course to miss the yellow region entirely. * Given their current positions and trajectories; it's unlikely that they will collide with each other or the yellow region.  Scene D:  * The green object is still moving towards the red object; but at a slower pace compared to Scene A. * The red object has started to move downwards as well; which might help it avoid collision with the yellow region. * Similar to Scene B; although their motion suggests a potential collision; the trajectory of the red object might be enough to evade contact.  **Final Result**  Based on the analysis above; I predict that scene A will succeed.
134,2,Containment Scene,True,D,A,4,1,No,36.37,True_pilot-containment-vase-redyellow_0016_img.png,**Reasoning**  To determine which initial scene is most likely to result in the red object making contact with the yellow region; we need to analyze each scene step by step.  *   **Scene A**: The green object appears to be moving towards the red object. Given its trajectory and speed; it seems unlikely that the red object will make contact with the yellow region before colliding with the green object. *   **Scene B**: In this scenario; the green object's path intersects with both the red object and the yellow region. If the red object continues on its current course; it is probable that it will collide with the yellow region first; as the green object seems to be approaching from a slightly different angle. *   **Scene C**: The green object appears to be moving directly towards the yellow region. However; since all objects are free-moving and affected by gravity; there's no clear indication of whether the red object will make contact with the yellow region before or after encountering the green object. *   **Scene D**: In this case; the green object seems to be positioned in such a way that it may potentially block the red object from making contact with the yellow region. However; without further information on their relative speeds and trajectories; it's challenging to predict the outcome.  **Final Result**  Based on the analysis of each scene; I believe **Scene B** has the highest likelihood of success because the green object's path suggests that it will collide with the red object before reaching the yellow region. This increases the chances of the red object making contact with the yellow region first.
135,3,Containment Scene,True,C,A,4,2,No,32.83,True_pilot-containment-vase-redyellow_0016_img.png,**Reasoning**  Scene A: The green object is moving towards the red object; and both objects are on a flat surface. The yellow region is also on this surface. Given the motion of the green object and its proximity to the red object; it's likely that they will collide before either can interact with the yellow region.  * The green object will continue to move in a straight line due to inertia. * It will eventually hit the red object; causing them both to change direction. * Since there is no stickiness between objects and they are affected by gravity; the collision will not result in attachment or sticking.  Scene B: Similar to Scene A; the green object is moving towards the red object. However; in this scene; the yellow region is positioned differently; closer to where the red object currently is. The trajectory of the green object suggests that it might hit the red object before reaching the yellow region.  * The green object's motion will continue until it collides with the red object. * After the collision; both objects will move in different directions; influenced by their mass and velocity. * Given the initial positions and velocities; it's probable that the red object will not make contact with the yellow region before being hit by the green object.  Scene C: In this scene; the yellow region is positioned between the two moving objects. The green object is still moving towards the red object; but now there's a barrier (the yellow region) in its path. This scenario is less likely to result in contact between the red object and the yellow region because the green object will likely hit the yellow region first.  * The green object will continue moving until it hits the yellow region. * Upon impact with the yellow region; the green object's trajectory will change due to the forces exerted during the collision. * It is less probable that the red object will make contact with the yellow region before being affected by the collision between the green object and the yellow region.  Scene D: The green object is moving towards the red object in a more angled approach compared to Scenes A; B; and C. The yellow region is positioned at an angle relative to both objects' trajectories. This scenario presents a challenging prediction due to the complex interaction of forces and directions involved.  * The green object's motion will continue until it collides with either the red object or the yellow region. * Depending on the exact velocities and angles of approach; there are multiple possible outcomes for this scene. * Without more detailed information about the initial conditions (velocities; masses); predicting whether the red object will make contact with the yellow region is less reliable than in the other scenarios.  **Final Result** I predict that scene A will succeed.
136,4,Containment Scene,True,A,D,4,2,No,35.72,True_pilot-containment-vase-redyellow_0016_img.png,Reasoning:  **Scene A Analysis**  *   The green object is moving towards the red object. *   The yellow region is positioned above and slightly behind the red object's current trajectory. *   Given its initial path; the green object seems unlikely to alter course significantly enough to reach the yellow region before colliding with the red one.  **Scene B Analysis**  *   The green object has started moving towards the red object but at a slower pace compared to Scene A. *   The yellow region is positioned above and slightly behind the red object's current trajectory; similar to Scene A. *   Due to its slower velocity; the green object may be more likely to change direction or slow down before reaching either the red object or the yellow region.  **Scene C Analysis**  *   The green object has accelerated towards the red object after a brief pause. *   Its trajectory now aligns closely with the path of the red object. *   Given this alignment and the increased velocity; it's plausible that the green object could collide with either the red object or the yellow region before reaching its final destination.  **Scene D Analysis**  *   The green object has decelerated significantly after an initial acceleration towards the red object. *   Its trajectory now diverges from a direct collision course with the red object; instead aiming more directly for the yellow region. *   With reduced velocity and a clear intention to avoid the red object; this scenario offers the highest likelihood of success in terms of the green object making contact with the yellow region.  **Final Result:** I predict that scene D will succeed.
137,1,Containment Scene,True,C,D,4,1,No,38.78,True_pilot-containment-cylinder-bowl-redyellow_0018_img.png,**Step 1: Analyze Scene A**  In Scene A; the green object is moving towards the red object. The trajectory of the green object suggests that it will collide with the red object before reaching the yellow region.  However; upon closer inspection; I notice that the red object appears to be slightly offset from its original position; indicating a slight deviation in its path. This deviation might allow the green object to bypass the red object and continue towards the yellow region.  **Step 2: Analyze Scene B**  Scene B presents a similar scenario to Scene A; with the green object moving towards the red object. However; in this case; the red object seems to be more aligned with its original position; making it less likely for the green object to bypass it.  The trajectory of the green object appears more direct; and considering the offset in the red object's position from Scene A; I believe that the green object will collide with the yellow region instead.  **Step 3: Analyze Scene C**  In Scene C; the green object is still moving towards the red object. However; its trajectory seems less direct compared to Scenes A and B. The red object appears to be slightly offset from its original position again; which might allow the green object to bypass it.  Given the slight deviation in the red object's path and the relatively slow speed of the green object; I predict that the green object will continue towards the yellow region without making contact with the red object.  **Step 4: Analyze Scene D**  Scene D presents a unique scenario where the green object is already very close to the yellow region. The red object appears to be farther away from the yellow region compared to the other scenes; and its trajectory does not seem to intersect with the yellow region.  Considering the proximity of the green object to the yellow region and the lack of intersection between the red object's path and the yellow region; I believe that the green object will make contact with the yellow region without being affected by the red object.  **Conclusion**  After analyzing all four scenes; I conclude that Scene D has the highest likelihood of success. The combination of the green object's proximity to the yellow region and the lack of intersection between the red object's path and the yellow region makes it more probable for the green object to make contact with the yellow region without being affected by the red object.  **Final Result:** I predict that scene D will succeed.
138,2,Containment Scene,True,A,A,4,4,Yes,37.21,True_pilot-containment-cylinder-bowl-redyellow_0018_img.png,Reasoning: Analyzing each image step by step; focusing on the motion of the green object and the movement of the red object.  *   Scene A: The green object is positioned above the red object. Given its initial position; it's likely to fall towards the red object due to gravity. As it falls; considering its mass relative to the red object; it will continue falling until either they collide or it reaches a terminal velocity if air resistance is present. *   Scene B: The green object is on top of the red object. This setup indicates an initial contact between the two objects. Considering no stickiness and gravity's effect; the green object will likely roll off or slide down due to its momentum and the red object's mass. However; without clear direction from the image; predicting whether it rolls towards the yellow region is challenging. *   Scene C: The green object is on a trajectory that could potentially lead it over the red object if we consider air resistance or rolling dynamics. However; without explicit motion indicators (like speed lines); it's difficult to predict with certainty how much momentum the green object will retain before hitting the ground or another surface. If it does roll over the red object and lands on top of it; similar considerations as in Scene B apply. *   Scene D: The green object is slightly above the yellow region but not directly aligned with it. Considering gravity and assuming no significant air resistance; it's likely to fall towards the yellow region rather than the red object unless there's an unseen factor influencing its trajectory.  Given these analyses:  Final Result: I predict that scene A will succeed.
139,3,Containment Scene,True,D,B,4,3,No,33.61,True_pilot-containment-cylinder-bowl-redyellow_0018_img.png,Reasoning:  Scene A: The green object is moving towards the red object; and both objects are subject to gravity. The trajectory of the green object suggests it will continue moving downwards. Given the initial positions and velocities; there's a high likelihood that the red object will eventually collide with the yellow region as the green object passes by.  Scene B: Similar to Scene A; the green object is moving towards the red object. However; in this scenario; the green object's trajectory appears more direct and perpendicular to the red object's initial position. This setup suggests a higher chance of collision between the red object and the yellow region as the green object passes by.  Scene C: In this scene; the green object seems to be moving at an angle that might not directly impact the red object. The red object appears stationary or moving in a direction away from the yellow region. Given these dynamics; it's less likely for the red object to make contact with the yellow region in this scenario.  Scene D: Here; the green object is positioned close to the red object but seems to be moving away from both objects towards the top of the frame. The trajectory indicates that neither object will collide with the yellow region based on their current paths and velocities.  Final Result: I predict that scene B will succeed.
140,4,Containment Scene,True,B,D,4,2,No,33.38,True_pilot-containment-cylinder-bowl-redyellow_0018_img.png,**Reasoning**  To determine which initial scene is most likely to result in the red object making contact with the yellow region; we need to analyze each scene step by step.  Scene A:  * The green object is moving towards the red object. * The trajectory of the green object suggests that it will collide with the red object before reaching the yellow region. * Therefore; the red object is unlikely to make contact with the yellow region in this scenario.  Scene B:  * The green object is moving away from the red object. * As a result; there is no apparent collision course between the two objects. * Given their trajectories; it appears that the green object will not reach the yellow region where the red object might be. * Thus; the probability of contact with the yellow region in this scenario is low.  Scene C:  * The green object's trajectory indicates a potential collision with the red object. * However; upon closer inspection; there seems to be enough space between the objects for them to pass each other without touching. * While it's possible that the green object might miss the red object and reach the yellow region; this scenario presents an uncertain outcome due to the proximity of the objects.  Scene D:  * The green object is moving towards the yellow region; with no clear indication of a collision course with the red object. * Given their trajectories; there is a high likelihood that the green object will successfully pass through or near the yellow region without making contact with the red object. * This scenario suggests the highest probability among all options for the red object to make contact with the yellow region.  **Final Result**  I predict that scene D will succeed.
141,1,Containment Scene,True,D,C,4,1,No,33.56,True_pilot-containment-bowl-redyellow_0002_img.png,**Reasoning**  To determine which initial scene is most likely to result in the red object making contact with the yellow region; we need to analyze each scene step by step.  *   **Scene A**: The green object is moving towards the red object. If it continues on this trajectory; the red object will likely collide with the yellow region before reaching the green object. *   **Scene B**: Similar to Scene A; the green object's path suggests that the red object will make contact with the yellow region first. *   **Scene C**: In this scenario; the green object is positioned directly above the red object. Given its downward trajectory and the red object's stationary position; it seems likely that the green object will land on top of the red object before reaching the yellow region. *   **Scene D**: The green object appears to be moving away from both the red object and the yellow region. Without a clear collision course with either; this scenario presents the lowest likelihood of contact between the red object and the yellow region.  **Final Result**  Based on the analysis; Scene C has the highest chance of success because the green object is poised to land directly on top of the red object; ensuring that it will make contact with the yellow region first. Therefore:  I predict that scene C will succeed.
142,2,Containment Scene,True,C,A,4,3,No,41.07,True_pilot-containment-bowl-redyellow_0002_img.png,**Reasoning for Scene Analysis**  ### Scene Analysis Process  1. **Initial Conditions**: Determine the initial positions and velocities of the red; green; and yellow objects. 2. **Gravitational Forces**: Consider the effect of gravity on all objects' motion. 3. **Collision Detection**: Assess whether any object is initially in contact with another or will collide based on their trajectories. 4. **Motion Prediction**: Predict the future positions and velocities of all moving objects using physics principles (e.g.; constant acceleration due to gravity). 5. **Contact Assessment**: Determine if; at any point in time; the red object comes into physical contact with the yellow region.  ### Scene A Analysis  - The green object is stationary near the top; with no visible movement. - The red object falls straight down under gravity's influence; directly toward the yellow surface below. - Given its vertical trajectory and assuming no air resistance or external forces affecting it; the red object will indeed hit the yellow region as it continues to fall due to gravity.  ### Scene B Analysis  - Similar to Scene A; the red object starts falling vertically from above. - The green object is moving horizontally but does not appear to be accelerating toward the yellow region or directly influencing the red object's path. - Based on its vertical drop and assuming no external forces altering its trajectory; the red object will collide with the yellow surface.  ### Scene C Analysis  - The setup here seems identical to Scenes A and B; with the red object falling vertically from above. - There are no indications of horizontal motion or forces acting on the green object that would alter the red object's path toward the yellow region. - Therefore; like in Scenes A and B; the red object will make contact with the yellow surface due to its vertical fall under gravity.  ### Scene D Analysis  - In this scenario; the green object is moving horizontally toward the right side of the frame. - The red object starts below but also moves towards the left; creating a collision course between them. - As they approach each other; their combined horizontal velocities and vertical drop due to gravity will determine if contact with the yellow surface occurs. However; based solely on initial conditions; it's less clear without calculating future positions and velocities.  **Final Result**  Given the information provided and focusing strictly on physical principles observed in Scenes A through C; where the red object's path is directly influenced by gravity alone (no horizontal motion from its starting position); all these scenarios have a high likelihood of success. However; since Scene D introduces additional complexity with horizontal motion that could potentially alter the outcome based on further analysis not provided here; I will select one of the simpler scenarios for my prediction.  I predict that scene A will succeed.
143,3,Containment Scene,True,B,A,4,2,No,28.88,True_pilot-containment-bowl-redyellow_0002_img.png,**Reasoning**  ### Scene A  * The green object is moving towards the red object. * The red object appears to be stationary or moving away from the yellow region. * Given its trajectory; it's unlikely to make contact with the yellow region.  ### Scene B  * The green object has moved further towards the red object compared to Scene A. * Although closer; there's still a noticeable gap between them and the yellow region. * Without more context or motion; it's difficult to predict an exact outcome but leans away from making contact initially.  ### Scene C  * The green object is now directly above the red object. * With its current trajectory; it seems poised to collide with the red object rather than the yellow region. * This scenario suggests a high likelihood of contact between the green and red objects but not necessarily with the yellow region.  ### Scene D  * The green object has moved further towards the red object compared to Scenes A-C. * Its path indicates a potential collision course with the red object; which is also moving towards the yellow region. * Given their trajectories; it's plausible that both objects will make contact; potentially with each other and the yellow region.  **Final Result**  Based on the analysis; Scene D presents the most likely scenario for the red object to make contact with the yellow region due to the combined motion of all objects involved.
144,4,Containment Scene,True,A,C,4,1,No,40.88,True_pilot-containment-bowl-redyellow_0002_img.png,Reasoning:  *   Scene A:     *   The green object is moving towards the red object.     *   The red object is stationary.     *   The yellow region is above the red object.     *   If the green object continues to move in a straight line; it will not make contact with the yellow region because it does not have enough vertical velocity or acceleration to reach that height.     *   However; since there is no friction and all objects are free-moving according to physical laws; the only factor affecting their motion is gravity. This means that without any external forces acting on them (like air resistance); they will maintain their initial velocity until an impact or another force alters it.     *   Given these conditions; it seems unlikely for the red object to make contact with the yellow region because its trajectory does not intersect with the yellow area based solely on gravity's influence.  *   Scene B:     *   The green object is moving towards the red object but at an angle that suggests it might pass by without touching either object.     *   The yellow region is still above the red object; and given the trajectory of the green object; it appears unlikely to make contact with this area as well since its path does not seem aligned with reaching the yellow zone.     *   Similar reasoning applies here; based on gravity alone; the objects' motion suggests no collision between the red object and the yellow region due to their divergent trajectories.  *   Scene C:     *   The green object is moving directly towards the red object.     *   This scenario presents a different situation compared to A and B. Given that both objects are under the sole influence of gravity (with no external forces acting on them); if nothing else affects their motion; they will continue on their current paths until an impact occurs or another force alters their trajectories.     *   Since the green object is moving directly towards the red object; it's reasonable to infer that there could be a collision between these two objects based on their initial conditions and the lack of external forces altering their motion.  *   Scene D:     *   The green object is also moving towards the red object but at an angle that suggests it might not reach the yellow region.     *   Similar to Scenes A and B; without additional forces influencing their motion (like air resistance); these objects will maintain their initial velocity until impacted or another force alters this trajectory.     *   Given the green object's path does not seem aligned with reaching the yellow zone; based on gravity alone; it appears unlikely that the red object will make contact with the yellow region in this scenario.  Final Result: I predict that scene C will succeed.
145,1,Containment Scene,True,D,C,4,3,No,37.46,True_pilot-containment-vase-redyellow_0001_img.png,Reasoning:  **Scene A**  * The green object is moving towards the red object in a straight line. * Assuming no external forces or obstacles; the green object will continue to move in this direction. * Given its trajectory and the position of the yellow region; it seems unlikely that the red object will make contact with the yellow region; as the green object's path does not intersect with the yellow area.  **Scene B**  * The green object is moving towards the red object at an angle. * This implies that if the green object maintains its current velocity and direction; it may eventually reach a position where it could potentially touch either the red object or the yellow region. * However; without more information about the initial velocities of the objects or any potential air resistance; we cannot accurately predict their exact trajectories.  **Scene C**  * The green object is moving towards the red object in a curved path. * Given its trajectory and the position of the yellow region; there appears to be a high likelihood that the green object will make contact with the yellow region before reaching the red object. * This is because the curved path brings the green object closer to the yellow region than if it were moving directly towards the red object.  **Scene D**  * The green object is moving away from the red object in a straight line. * Assuming no external forces or obstacles; the green object will continue to move in this direction. * Given its trajectory and the position of the yellow region; it seems unlikely that the red object will make contact with the yellow region; as the green object's path does not intersect with the yellow area.  Final Result: I predict that scene C will succeed.
146,2,Containment Scene,True,A,C,4,2,No,30.69,True_pilot-containment-vase-redyellow_0001_img.png,Reasoning:  Scene A: - The green object is moving towards the red object. - The red object's trajectory suggests it will continue moving downwards and eventually collide with the yellow region.  Scene B: - Similar to Scene A; but with a slightly different angle of approach for both objects. - This difference in angle might affect their paths; making contact less likely compared to Scene A.  Scene C: - The green object is at a higher altitude than in Scenes A and B. - Its trajectory appears more direct towards the red object; increasing the likelihood of collision with the yellow region.  Scene D: - In this scene; the green object's path seems more horizontal. - Given its slower descent compared to other scenes; it may not reach the same vertical position as the red object before impacting the ground.  Final Result: I predict that Scene C will succeed.
147,3,Containment Scene,True,C,A,4,1,No,29.39,True_pilot-containment-vase-redyellow_0001_img.png,Reasoning: Scene A is the most likely to result in the red object making contact with the yellow region. This conclusion can be reached through a step-by-step analysis of the motion of both objects.  1. **Initial Position and Velocity**: The green object starts from the left side; moving towards the right side where the red object is positioned. Given their positions and the fact that they are free-moving according to physical laws; it's reasonable to assume an initial velocity for each based on typical 3D physics scenarios. However; without explicit velocities given in the images; we must infer from common physics principles.  2. **Gravity and Horizontal Motion**: Since both objects are subject to gravity and move horizontally towards each other; their paths will be influenced by any horizontal force applied (if present) or their inherent mass distribution. The red object's position suggests it might have some initial velocity towards the yellow region; but without specific details on its mass or direction of travel relative to the yellow region; we focus on the overall motion.  3. **Collision Dynamics**: In a real-world scenario; collisions between objects are determined by factors such as velocity; mass; and angle of incidence. However; since these images represent a static setup before any movement has occurred; we're primarily concerned with how their paths will intersect based on initial conditions and gravity's influence.  4. **Analysis of Scene A**: In Scene A; the green object is positioned directly above the red object; suggesting an imminent collision or close approach if both are moving towards each other under gravity. The trajectory of the objects would likely lead them to collide with each other before they reach the yellow region; assuming they move in a straight line under gravity's influence.  5. **Conclusion for Scene A**: Given the positions and the assumption that both objects will follow paths influenced by gravity; it is highly probable that the red object will make contact with the green object first; preventing or delaying any potential interaction with the yellow region.  Final Result: I predict that scene A will succeed.
148,4,Containment Scene,True,B,A,4,2,No,36.16,True_pilot-containment-vase-redyellow_0001_img.png,**Reasoning**  To determine which initial scene is most likely to result in the red object making contact with the yellow region; we need to analyze each scene step by step.  Scene A: - The green object is moving towards the red object. - The trajectory of the green object and its velocity suggest that it will collide with the red object before reaching the yellow region. - Therefore; based on the motion analysis; the red object is unlikely to make contact with the yellow region in this scene.  Scene B: - The green object has already passed the red object and is moving towards the yellow region. - Given its current velocity and trajectory; it appears that the green object will not collide with the red object but instead continue towards the yellow region. - However; without additional information about the objects' masses or any external forces acting on them; we cannot definitively say whether the green object will hit the yellow region before the red object does.  Scene C: - Similar to Scene B; the green object has passed the red object and is now moving towards the yellow region. - Without more detailed information about their velocities or any potential external forces influencing their motion; it's challenging to predict which object will reach the yellow region first.  Scene D: - In this scene; the green object is still in the process of moving towards both the red object and the yellow region. - Its trajectory suggests that it will likely collide with one or both objects before reaching the yellow region. - However; without knowing the exact velocities of the objects or any external forces at play; we cannot conclusively determine whether the red object will make contact with the yellow region.  **Final Result** Based on the analysis of each scene's motion dynamics and potential collisions; I predict that **Scene B** has the highest likelihood of success. This is because the green object in Scene B appears to be moving away from the red object and towards the yellow region without any imminent collision with the red object; suggesting a clearer path for the green object to potentially make contact with the yellow region first.
149,1,Containment Scene,True,C,A,4,3,No,39.58,True_pilot-containment-vase-redyellow_0014_img.png,**Reasoning for Scene A**  *   The green object is moving towards the red object. *   The yellow region is located below the red object; indicating a potential collision if the red object falls or moves downward. *   Gravity affects all objects in the scene; thus; as the green object continues to move forward; it will eventually pass under the red object due to its trajectory.  **Conclusion for Scene A**  The initial scene's setup and motion of objects suggest that there is a high likelihood of contact between the red object and the yellow region. The falling motion of the red object towards the ground makes this interaction probable.  **Reasoning for Scene B**  *   The green object is moving towards the right side of the image. *   The red object remains stationary; indicating no immediate collision with the green object. *   However; as the green object continues to move forward and gain speed due to gravity; it will eventually hit the ground or an obstacle if not stopped by another object.  **Conclusion for Scene B**  The setup does not directly indicate a collision between the red object and the yellow region. The motion of objects does not suggest an immediate contact but implies that further movement could potentially lead to such an interaction.  **Reasoning for Scene C**  *   The green object is moving towards the left side of the image. *   The red object remains stationary; similar to scene B; indicating no immediate collision with the green object. *   As the green object continues its motion and gains speed due to gravity; it will eventually hit an obstacle or the ground if not stopped by another object.  **Conclusion for Scene C**  Similar to Scene B; this setup does not directly indicate a collision between the red object and the yellow region. The motion of objects implies that further movement could potentially lead to such an interaction.  **Reasoning for Scene D**  *   The green object is moving towards the right side of the image. *   The red object falls from above; indicating a potential collision with the ground or other obstacles as it descends. *   As the red object continues its downward motion under gravity's influence; it will eventually hit an obstacle or the yellow region below.  **Conclusion for Scene D**  The setup directly indicates a high likelihood of contact between the red object and the yellow region. The falling motion of the red object towards the ground makes this interaction probable.  **Final Result**  Based on the physical reasoning provided for each scene; I predict that **Scene A will succeed**; as it presents the most direct indication of an impending collision between the red object and the yellow region due to its falling motion under gravity.
150,2,Containment Scene,True,B,A,4,3,No,45.35,True_pilot-containment-vase-redyellow_0014_img.png,Reasoning:  **Scene A**  * The green object is moving towards the red object; which is currently stationary. * As the green object approaches; it will continue to move in a straight line due to its initial velocity and lack of external forces acting on it. * Since there are no obstacles or frictional forces mentioned; the green object will maintain its speed and direction until it collides with the red object. * Upon impact; both objects will experience an equal and opposite force according to Newton's third law of motion. * This collision will cause the red object to start moving towards the yellow region; gaining velocity from the transfer of momentum during the collision. * Assuming no significant air resistance or other factors affecting the trajectory; the red object is likely to continue moving in a straight line until it makes contact with the yellow region.  **Scene B**  * The green object has already collided with the red object and is now bouncing away from it. * As a result of this collision; the red object will gain some velocity and start moving towards the yellow region. * However; due to the initial direction of motion of the green object and its subsequent reflection; the red object may not have enough horizontal momentum to reach the yellow region. * Instead; it might pass by or slightly graze the yellow area without making a direct contact.  **Scene C**  * The green object has just collided with the red object and is about to bounce away from it. * Similar to Scene B; this collision will transfer some velocity to the red object; causing it to start moving towards the yellow region. * However; since the green object is still in close proximity to the red object at the moment of impact; the resulting motion of the red object may not be sufficient to reach the yellow region. * The trajectory of the red object might be too curved or shallow to make a direct contact with the yellow area.  **Scene D**  * The green object has just collided with the red object and is about to bounce away from it. * This collision will also transfer some velocity to the red object; causing it to start moving towards the yellow region. * Given the geometry of this scene; where the green object's initial direction was almost perpendicular to the yellow region; the resulting motion of the red object may be sufficient to make a direct contact with the yellow area.  Final Result: I predict that **scene D** will succeed.
151,3,Containment Scene,True,D,B,4,3,No,29.62,True_pilot-containment-vase-redyellow_0014_img.png,**Reasoning**  To determine which initial scene is most likely to result in the red object making contact with the yellow region; we need to analyze each scene step by step.  **Scene A**  In Scene A; the green object is moving towards the red object. However; due to its horizontal velocity and the red object's vertical position; they will not collide. The red object will continue falling downward; while the green object moves horizontally across the screen. As a result; there is no likelihood of contact between the two objects.  **Scene B**  In Scene B; the green object has gained significant speed and momentum compared to the previous scene. Its trajectory now intersects with that of the red object's path. Given their velocities and trajectories; it appears inevitable that these two objects will collide before either reaches the yellow region. Therefore; based on this analysis; it seems likely that the red object will make contact with the yellow region in Scene B.  **Scene C**  In Scene C; the green object has slowed down its movement compared to Scene B but is still approaching the red object from a similar direction. The red object remains stationary at the top of the screen. Although there's some uncertainty about their exact trajectories and potential collisions; it seems plausible that they could interact before reaching the yellow region.  **Scene D**  In Scene D; both objects are moving towards each other but with different velocities and trajectories. While there is a possibility of collision between them; their paths seem to be diverging rather than converging directly onto the yellow area. This means that it's less likely for either object to make contact with the yellow region.  **Final Result**  Based on my analysis; I predict that Scene B will succeed in causing the red object to make contact with the yellow region.
152,4,Containment Scene,True,A,A,4,4,Yes,32.21,True_pilot-containment-vase-redyellow_0014_img.png,**Reasoning**  Scene A:  * The green object is moving towards the red object. * The yellow region is in front of the red object; but it's not clear if the red object will make contact with it. * Since there are no obstacles or external forces mentioned; we can assume that gravity and inertia will affect the motion of the objects. * Given the initial positions and velocities; it's likely that the green object will continue moving towards the red object until they collide. * The collision between the two objects will transfer momentum; but since there's no stickiness between them; they won't attach to each other. * After the collision; both objects will continue moving under the influence of gravity and any remaining velocity from the collision.  Scene B:  * The green object is still moving towards the red object. * However; it appears that the yellow region is now behind the red object. * This changes the situation because the red object can no longer make contact with the yellow region while maintaining its current trajectory. * As in Scene A; the objects will continue to move under gravity and any remaining velocity from previous collisions.  Scene C:  * The green object has slowed down or changed direction due to a possible collision with another object (not visible). * The red object is now moving towards the right side of the image. * The yellow region is still in front of the red object; but it's unclear if they will make contact. * Considering the reduced velocity of the green object and the change in direction of the red object; it's less likely that the red object will make contact with the yellow region.  Scene D:  * The green object has changed direction significantly due to a collision or external force (not visible). * The red object is now moving towards the left side of the image. * The yellow region is still in front of the red object; but it's unclear if they will make contact. * Given the change in direction of both objects and the lack of information about any external forces; it's difficult to predict whether the red object will make contact with the yellow region.  **Final Result**  I predict that scene A will succeed.
153,1,Containment Scene,True,A,C,4,3,No,31.11,True_pilot-containment-cylinder-bowl-redyellow_0004_img.png,"**Step 1: Analyze Scene A**  *   The green object is moving towards the red object. *   The yellow region is below the trajectory of the red object's fall.  **Step 2: Analyze Scene B**  *   The green object has already collided with the red object and is now on top of it. *   The combined mass of the two objects creates a larger; slower-moving entity that will likely not reach the yellow region.  **Step 3: Analyze Scene C**  *   The green object is moving towards the red object at an angle. *   If the green object maintains its velocity and direction; it may collide with the yellow region after impacting the red object.  **Step 4: Analyze Scene D**  *   The green object has already collided with the red object and is now on top of it. *   Similar to Scene B; the combined mass of the two objects creates a larger; slower-moving entity that will likely not reach the yellow region.  **Conclusion:**  Based on the analysis; Scene C has the highest likelihood of success because the green object's trajectory indicates that it may collide with the yellow region after impacting the red object.  Final Result: ""I predict that scene C will succeed."""
154,2,Containment Scene,True,C,B,4,3,No,35.41,True_pilot-containment-cylinder-bowl-redyellow_0004_img.png,**Reasoning**  To determine which initial scene is most likely to result in the red object making contact with the yellow region; we need to analyze each scene step by step.  **Scene A**  *   The green object is moving towards the red object. *   The red object is not moving towards or away from the yellow region. *   Since the green object is moving towards the red object; it will likely collide with the red object first. *   After the collision; the trajectory of both objects will change due to conservation of momentum and energy principles.  **Scene B**  *   The green object is also moving towards the red object. *   The red object is positioned closer to the yellow region compared to Scene A. *   Given that the green object's path intersects with the red object; it might not have enough time or distance to change its trajectory significantly before colliding with the red object. *   This collision could deflect both objects in such a way that the red object ends up near the yellow region.  **Scene C**  *   The green object is moving towards the red object; but at a slower pace compared to Scenes A and B. *   The red object has more time to move away from or towards the yellow region before the collision occurs. *   Depending on the exact velocities and positions of both objects at the moment of collision; it's possible for the red object to change its trajectory sufficiently to make contact with the yellow region.  **Scene D**  *   The green object is moving perpendicular to the path of the red object towards the yellow region. *   Given that there are no obstacles or constraints mentioned in the problem statement; both objects will continue moving according to their initial velocities and gravitational acceleration until they interact with each other or the boundaries of the scene. *   Since the collision between the green and red objects is inevitable due to their paths crossing; the resulting trajectory could potentially bring the red object into contact with the yellow region.  **Final Result**  Based on these analyses; Scene B has the highest likelihood of success. The positioning of both objects suggests a higher probability that the red object will be deflected towards or onto the yellow region after colliding with the green object due to the initial conditions favoring such an outcome.  I predict that scene B will succeed.
155,3,Containment Scene,True,D,D,4,4,Yes,41.96,True_pilot-containment-cylinder-bowl-redyellow_0004_img.png,**Reasoning:**  Let's analyze each scene step by step; focusing on the motion of the green object and the movement of the red object.  Scene A: * The green object is moving towards the red object. * Assuming a constant velocity; the green object will continue to accelerate downwards due to gravity. * As it approaches the red object; their relative velocities will determine whether they collide or not. * Given the angle of incidence and the initial positions; there's a high likelihood that the green object will hit the red object.  Scene B: * The green object is also moving towards the red object but at a steeper angle than in Scene A. * This means it has more horizontal velocity component; making it less likely to collide with the red object. * However; considering the initial positions and velocities; there's still a possibility of contact if the green object doesn't slow down quickly enough.  Scene C: * In this scene; the green object is moving towards the yellow region. * Assuming no external forces acting on the system (other than gravity); the green object will follow a parabolic trajectory under the sole influence of gravity. * As it approaches the yellow region; its velocity and direction suggest that contact with the red object is less likely compared to Scenes A and B.  Scene D: * The green object is moving towards the red object but at an even steeper angle than in Scene B. * This makes it highly unlikely for the two objects to collide since the green object's horizontal velocity component dominates its motion. * Given these conditions; contact between the red object and the yellow region appears more probable.  **Final Result:** I predict that scene D will succeed.
156,4,Containment Scene,True,B,C,4,1,No,37.63,True_pilot-containment-cylinder-bowl-redyellow_0004_img.png,**Reasoning**  For each scene; I will analyze the motion of the green object and its potential impact on the red object's trajectory towards the yellow region.  *   Scene A:     *   The green object is moving towards the right side of the image.     *   The red object appears to be stationary or moving slightly to the left.     *   If the green object continues its current path; it may collide with the red object before reaching the yellow region.     *   However; without more information about the objects' velocities and directions; I cannot determine a clear outcome. *   Scene B:     *   The green object is moving upwards towards the top edge of the image.     *   The red object seems to be falling or sliding downwards from the top-left corner.     *   If the green object maintains its upward trajectory and the red object continues its downward motion; they may not intersect with each other before reaching their respective boundaries. *   Scene C:     *   The green object is moving diagonally towards the bottom-right corner of the image.     *   The red object appears to be stationary at the top edge of the image.     *   Given the green object's diagonal trajectory; it may eventually reach the yellow region without colliding with the red object first. *   Scene D:     *   The green object is moving horizontally towards the left side of the image.     *   The red object seems to be stationary or moving slightly to the right.     *   If the green object continues its horizontal path; it may not intersect with the red object before reaching its boundary.  **Final Result**  Based on my analysis; I predict that scene C will succeed. The green object's diagonal trajectory makes it more likely to reach the yellow region without colliding with the red object first.
157,1,Containment Scene,True,A,B,4,3,No,32.57,True_pilot-containment-torus-redyellow_0015_img.png,Reasoning: Analyzing each image step by step; focusing on the motion of the green object and the movement of the red object.  *   Scene A:     *   The green object is moving towards the red object.     *   The trajectory of both objects suggests a collision course.     *   Given their initial positions and velocities; it's likely they will collide with each other before reaching the yellow region.     *   Therefore; the red object is unlikely to make contact with the yellow region in Scene A. *   Scene B:     *   The green object has already passed the red object; moving away from its original path.     *   The red object continues on its trajectory towards the yellow region.     *   Without any immediate collisions or deflections; it seems probable that the red object will make contact with the yellow region in Scene B. *   Scene C:     *   The green object is still moving but appears to be slowing down due to gravity and possibly an initial loss of speed after passing the red object.     *   The red object continues on its downward path towards the yellow region; unaffected by the green object's motion.     *   Considering their trajectories and the lack of immediate interference from the green object; it seems likely that the red object will make contact with the yellow region in Scene C. *   Scene D:     *   The setup is similar to Scene A but with a slight adjustment in positions or velocities.     *   Similar to Scene A; both objects are on a collision course with each other before reaching the yellow region.     *   Thus; it's unlikely that the red object will make contact with the yellow region in Scene D.  Final Result: I predict that scene B will succeed.
158,2,Containment Scene,True,C,A,4,2,No,42.21,True_pilot-containment-torus-redyellow_0015_img.png,**Reasoning**  To determine which initial scene is most likely to result in the red object making contact with the yellow region; we need to analyze each scene step by step.  *   Scene A:     *   The green object is moving towards the red object.     *   The red object will continue its trajectory based on its initial velocity and direction.     *   Since there are no obstacles in this path; it's likely that the red object will move directly towards the yellow region.     *   Given the green object's motion towards the red object; they might collide before either reaches the yellow region. However; if we assume a collision doesn't occur or is not significant enough to alter their trajectories substantially; then:         *   The red object could potentially make contact with the yellow region due to its direct path. *   Scene B:     *   Similar to Scene A; but with an additional element (the green object) already in motion towards the red object.     *   This scenario introduces a complex interaction between the moving objects and the static ones.     *   However; without detailed information on their speeds or exact paths; it's challenging to predict whether the collision will occur before either reaches the yellow region or if they'll manage to move past each other.         *   Given this complexity and lack of specific data; predicting contact with the yellow region becomes less straightforward compared to Scene A. *   Scene C:     *   In this scenario; the green object is not moving towards the red object but rather seems to be on a different trajectory or possibly stationary initially.     *   Without additional context (like motion from the green object); it's difficult to assess whether the red object will make contact with the yellow region based solely on its path.         *   The absence of immediate interaction between the moving objects and the static yellow region makes this scenario less predictable for direct contact without further details. *   Scene D:     *   Here; both the green and red objects are in motion towards each other.     *   Given their converging paths; it's highly likely that they will collide before either can reach the yellow region.         *   This collision would alter their trajectories significantly; making contact with the yellow region improbable.  **Conclusion**  Based on the analysis:  *   Scene A offers the highest likelihood of success due to its straightforward path and lack of immediate collisions with other objects in the scene.     *   The direct trajectory of the red object towards the yellow region; without significant obstacles or interactions that could alter this course; makes it the most promising scenario for contact.  **Final Result**  I predict that Scene A will succeed.
159,3,Containment Scene,True,D,A,4,3,No,47.38,True_pilot-containment-torus-redyellow_0015_img.png,**Reasoning**  To determine whether the red object will make contact with the yellow region in each scene; we need to analyze the motion of the green object and its potential impact on the red object's trajectory.  **Scene A**  * The green object is moving towards the red object. * The red object appears to be stationary or slowly moving away from the green object. * Assuming gravity affects all objects equally; the green object's momentum will likely cause it to collide with the red object. * Upon collision; both objects could change direction due to their masses and velocities. However; without precise details on mass distribution; we assume a direct transfer of momentum might send the red object towards the yellow region. * Given the initial conditions favoring an impact between the green and red objects; followed by a possible redirection towards the yellow region; this scenario has a high likelihood of success.  **Scene B**  * The green object is moving directly towards the red object but at a slower pace compared to Scene A. * The red object seems stationary or moving very slowly away from the green object. * Similar to Scene A; assuming no external forces alter their paths significantly; the collision between the green and red objects could redirect the red object towards the yellow region. * However; the reduced velocity of the green object in this scenario compared to Scene A might reduce the impact's force; making it less likely for the red object to reach the yellow region immediately after the collision.  **Scene C**  * The green object is moving parallel to the yellow region but not directly towards the red object. * The red object appears stationary or slightly moving away from the green object. * In this scenario; without a direct collision between the green and red objects; it's less likely for the red object to make contact with the yellow region based solely on the initial conditions provided. * Additional factors such as air resistance or external forces not mentioned could influence the trajectory of both objects over time; potentially altering the outcome.  **Scene D**  * The green object is moving towards the red object but at a slower pace compared to Scenes A and B. * The red object seems stationary or moving very slowly away from the green object. * Similar to Scene C; without a direct collision between the green and red objects; it's less likely for the red object to make contact with the yellow region based on the initial conditions. * However; if external factors were to alter their trajectories; making the red object change direction towards the yellow region after a potential collision or interaction with the green object; this scenario could still result in success.  **Final Result**  Based on the analysis of each scene; considering the dynamics and likely outcomes of collisions between moving objects under gravity's influence; **Scene A** presents the most direct path to the red object making contact with the yellow region. The initial conditions favor a collision between the green and red objects; which could then redirect the red object towards the yellow region due to their masses and velocities. While external factors or more detailed physics could alter these predictions; based solely on the information provided and typical physical interactions; Scene A offers the highest likelihood of success.
160,4,Containment Scene,True,B,B,4,4,Yes,32.22,True_pilot-containment-torus-redyellow_0015_img.png,"Reasoning:  Scene A: - The green object is moving towards the red object. - The trajectory of the green object suggests it will collide with the red object before reaching the yellow region. - Therefore; the red object is unlikely to make contact with the yellow region in this scenario.  Scene B: - The initial positions and velocities suggest a collision between the green object and the red object. - After the collision; both objects will continue moving; but due to gravity and possibly a slight deflection from the collision; they might not reach the yellow region directly. - However; given the right angle of approach and considering the physics involved; there's still a possibility for contact with the yellow region.  Scene C: - The green object is moving towards the red object at an angle that could potentially allow it to bypass the yellow region. - Without a direct collision or deflection leading towards the yellow region; the likelihood of contact decreases. - This scenario seems less favorable for contact due to the trajectory not aligning directly with the yellow area.  Scene D: - The green object is on a trajectory that would likely result in a collision with the red object. - Similar to Scene A; this collision will divert both objects' paths; making it improbable for either to reach the yellow region without further interaction or deflection. - Thus; based on initial conditions; contact seems less likely here as well.  Final Result: ""I predict that scene B will succeed."""
161,1,Containment Scene,True,B,A,4,1,No,34.18,True_pilot-containment-multi-bowl-redyellow_0008_img.png,**Reasoning**  To determine which initial scene is most likely to result in the red object making contact with the yellow region; we need to analyze each scene step by step.  **Scene A Analysis**  *   The green object is moving towards the red object. *   The trajectory of the red object suggests it will maintain its horizontal motion and not change direction significantly. *   Given the distance between the objects; the red object has a high likelihood of making contact with the yellow region as the green object approaches.  **Scene B Analysis**  *   The green object's trajectory is more direct towards the red object compared to Scene A. *   However; the angle at which the green object is approaching may cause it to pass by without hitting either the red object or the yellow region directly. *   This scene does not seem as likely to result in contact between the red object and the yellow region.  **Scene C Analysis**  *   The green object's trajectory is more angled than in Scenes A and B; which might lead to a collision with the red object before it reaches the yellow region. *   Without further information on the velocity of the objects or potential collisions; this scenario appears less predictable for contact between the red object and the yellow region.  **Scene D Analysis**  *   This scene shows the green object at an even more acute angle than in Scene C; suggesting a high likelihood of collision with the red object before it reaches the yellow region. *   Similar to Scene C; without additional information on velocities or potential collisions; this scenario appears less ideal for achieving contact between the red object and the yellow region.  **Conclusion**  Based on the analysis; **Scene A** presents the most favorable conditions for the red object to make contact with the yellow region. The green object's trajectory suggests it will not collide with the red object but rather continue towards the yellow region; increasing the likelihood of contact between these two objects.  **Final Result:** I predict that scene A will succeed.
162,2,Containment Scene,True,D,A,4,3,No,35.09,True_pilot-containment-multi-bowl-redyellow_0008_img.png,**Reasoning**  To determine which initial scene is most likely to result in the red object making contact with the yellow region; we need to analyze each scene step by step.  *   **Scene A**: In this scene; the green object appears to be moving towards the red object. The trajectory of both objects suggests that they will collide and potentially change direction upon impact. Given their initial velocities and positions; it's plausible that after the collision; the red object could be deflected towards the yellow region. *   **Scene B**: Here; the green object seems to be slightly ahead of the red object but not directly on a collision course with it. The angle at which they are approaching suggests that the red object might pass by the green object without colliding. Without a direct impact; the likelihood of the red object touching the yellow region is lower. *   **Scene C**: In this scenario; the green object appears to be about to collide head-on with the red object. This collision would likely result in both objects changing direction significantly. Given their initial positions and trajectories; it's probable that after the impact; at least one of them could end up near or touching the yellow region. *   **Scene D**: The green object seems to be moving towards the red object but is positioned in such a way that it might not directly collide with it. Instead; it looks like the green object could pass by the red object on its trajectory; especially considering their speeds and positions relative to each other.  **Final Result**  Based on the analysis of each scene's dynamics and potential collision outcomes; I predict that **Scene C** will succeed because the direct head-on collision between the green and red objects is most likely to cause a significant change in their trajectories; increasing the chances of one or both touching the yellow region upon rebound.
163,3,Containment Scene,True,A,D,4,3,No,40.86,True_pilot-containment-multi-bowl-redyellow_0008_img.png,Reasoning:  Scene A: The green object is initially moving towards the red object. The trajectory of the green object suggests it will continue its path; colliding with the red object due to their relative velocities and directions. Given no external forces or obstacles are visible that could alter this course; it's likely the collision between the two objects will occur before they reach the yellow region.  Scene B: Similar to Scene A; the green object is heading towards the red object at a similar angle and velocity. However; due to its slightly altered path and possibly different initial conditions (e.g.; speed or direction); there might be a slight delay in collision compared to Scene A. Nonetheless; based on physical principles; it's reasonable to expect contact with the yellow region after colliding with the red object; assuming no intervening forces change their trajectories significantly.  Scene C: In this scenario; the green object seems to have initiated its movement at an angle that will likely result in a collision with the red object. Given the absence of any force or obstruction that could alter their paths; it's probable these objects will collide before reaching the yellow region. Thus; following the collision; they are expected to continue towards and potentially make contact with the yellow region.  Scene D: The green object appears poised for an angled approach towards the red object. Given its trajectory and the lack of any forces altering this path; it is likely that these objects will collide before reaching the yellow area. Following their collision; based on physical principles; they are expected to continue moving in a manner that could result in contact with the yellow region.  Final Result: I predict that scene D will succeed.
164,4,Containment Scene,True,C,B,4,3,No,36.68,True_pilot-containment-multi-bowl-redyellow_0008_img.png,Reasoning:  **Scene A:**  *   The green object is moving towards the red object. *   The red object is stationary; and its trajectory is not affected by any external forces. *   Assuming no other objects or forces are present in the scene; the green object will continue to move in a straight line until it collides with the red object. *   Since the yellow region is not directly involved in this collision; the red object may bounce off the green object and potentially come into contact with the yellow region after the initial collision.  **Scene B:**  *   The green object has already collided with the red object and is now bouncing away from it. *   The red object's trajectory will be affected by the force exerted on it during the collision; causing it to change direction. *   Without additional information about the velocity or mass of the objects; it is difficult to predict the exact path of the red object after the collision. *   However; considering the laws of physics and assuming there are no external forces acting on the system; the red object has a high likelihood of bouncing off in such a way that it will eventually make contact with the yellow region.  **Scene C:**  *   The green object is moving towards the red object; but its trajectory suggests it may not collide directly with the red object. *   The red object's position and velocity indicate that it has some horizontal momentum; which could cause it to move away from the collision point with the green object. *   Based on this analysis; it seems less likely for the red object to make contact with the yellow region in Scene C compared to Scenes A and B.  **Scene D:**  *   The green object is moving towards the red object; but its trajectory appears to be slightly curved. *   This curvature could indicate that there are external forces acting on the system or that the objects have different masses and velocities. *   Without more information about these factors; it is challenging to predict the outcome with certainty.  Final Result: I predict that scene B will succeed.
165,1,Containment Scene,True,A,A,4,4,Yes,33.36,True_pilot-containment-cone-plate-redyellow_0011_img.png,**Analysis of the Scenes**  To determine which initial scene is most likely to result in the red object making contact with the yellow region; we need to analyze each scene step by step.  ### Scene A  * The green object is moving towards the red object. * Due to gravity; both objects are falling downwards. * Assuming no external forces affect their motion; they will continue to fall and collide at some point. * However; without more information on their initial velocities or positions; it's difficult to predict exactly when this collision will occur.  ### Scene B  * The green object is moving away from the red object. * Both objects are falling downwards due to gravity. * Given that they have opposite directions of motion and no external forces are acting on them; they will not collide with each other or the yellow region.  ### Scene C  * The green object is stationary next to the red object. * Both objects are at rest; meaning their velocities are zero. * Since there's no horizontal component to their motion (only vertical due to gravity); they will not move towards each other or the yellow region. Therefore; contact with the yellow region is unlikely.  ### Scene D  * The green object is moving towards the red object. * Both objects are falling downwards under the influence of gravity. * Similar to Scene A; without precise initial velocities and positions; it's challenging to predict the exact timing of their collision or whether they will hit the yellow region.  **Conclusion**  Given the information provided; **Scene A** appears to have the highest likelihood of success in terms of the red object making contact with the yellow region. This is because both objects are moving towards each other due to gravity; increasing the chances of a collision that could potentially involve the yellow region.  Final Result: I predict that scene A will succeed.
166,2,Containment Scene,True,D,A,4,3,No,34.98,True_pilot-containment-cone-plate-redyellow_0011_img.png,**Reasoning**  Scene A: - The green object is moving towards the red object. - The red object and the yellow region are at rest; parallel to each other. - Based on the initial motion of the green object; it will continue its trajectory until it collides with the red object. - After the collision; both objects will change their direction due to the force exerted by the collision. - However; given that there is no stickiness between objects and they move freely according to physical laws; the red object may or may not make contact with the yellow region after the collision.  Scene B: - The green object has already collided with the red object. - This means the green object's direction was changed by the force exerted during the collision. - Now; both objects are moving in a different direction than their initial paths. - Considering the new directions and velocities of the objects; it is less likely for the red object to make contact with the yellow region.  Scene C: - Similar to Scene A; the green object is still on its way to collide with the red object. - However; due to the angle at which they are approaching each other; the collision might be more glancing or the force exerted may cause a different trajectory for both objects after the collision. - The likelihood of contact with the yellow region depends on how both objects move post-collision.  Scene D: - Here; the green object has already passed by the red object and is moving away from it. - Given that the green object's path does not intersect with the red object or the yellow region anymore; it is unlikely for the red object to make contact with the yellow region in this scenario.  **Final Result** I predict that scene A will succeed.
167,3,Containment Scene,True,B,B,4,4,Yes,29.39,True_pilot-containment-cone-plate-redyellow_0011_img.png,Reasoning:  **Scene A Analysis**  * The green object is moving towards the red object. * The red object appears stationary. * There's no visible force acting on the red object to change its trajectory.  Given these observations; it seems likely that the red object and the green object will collide. However; without more information about the masses of the objects or their initial velocities; we can't determine exactly where they'll meet. But based solely on the visual content and assuming no external forces are acting on either object; we might expect a collision.  **Scene B Analysis**  * The red object is moving towards the yellow region. * The green object is not visible in this scene. * There's no indication that the red object will change direction or speed.  Given these observations; it seems very likely that the red object will make contact with the yellow region. Without any external forces acting on the red object; its trajectory appears to be directly towards the yellow region.  **Scene C Analysis**  * The green object is moving away from the red object. * There's no visible force acting on either object to change their trajectories. * The red object is stationary and seems unlikely to move in this direction.  Given these observations; it seems very unlikely that the red object will make contact with the yellow region. Without any external forces or objects influencing its motion; the red object appears destined to maintain a straight path away from the green object and not interact with the yellow region.  **Scene D Analysis**  * The red object is moving towards the yellow region. * There's no visible force acting on either object to change their trajectories. * No other object is visible in this scene.  Given these observations; it seems likely that the red object will make contact with the yellow region. Without any external forces or objects influencing its motion; the red object appears destined to continue moving directly towards the yellow region.  Final Result: I predict that Scene B will succeed.
168,4,Containment Scene,True,C,B,4,3,No,39.17,True_pilot-containment-cone-plate-redyellow_0011_img.png,"To determine which initial scene is most likely to result in the red object making contact with the yellow region; we need to analyze each scene step by step.  **Scene A Analysis**  1. The green object is moving towards the red object. 2. The trajectory of the green object suggests that it will pass close to or over the yellow region before colliding with the red object. 3. Based on its initial velocity and direction; the green object does not seem likely to make contact with the yellow region first.  **Scene B Analysis**  1. Similar to Scene A; the green object is moving towards the red object. 2. However; in this scene; the green object appears to be slightly deflected from a direct collision course with the red object by its trajectory. 3. It seems possible that the green object could make contact with the yellow region if it continues on its current path.  **Scene C Analysis**  1. In this scene; the green object is moving towards the red object at an angle. 2. The trajectory of the green object suggests that it will miss the red object and continue moving downwards. 3. Based on its initial velocity and direction; there is a low likelihood of contact between the green object and the yellow region.  **Scene D Analysis**  1. Similar to Scene A; the green object is moving towards the red object in a straight line. 2. However; in this scene; the trajectory of the green object suggests that it will not make contact with either the red object or the yellow region first. 3. It seems unlikely that the green object will make contact with the yellow region.  **Conclusion**  Based on the analysis of each scene; **Scene B** appears to have the highest likelihood of success. The trajectory of the green object in Scene B suggests that it may make contact with the yellow region before colliding with the red object.  Final Result: ""I predict that scene B will succeed."""
169,1,Containment Scene,True,A,D,4,3,No,38.09,True_pilot-containment-cylinder-bowl-redyellow_0016_img.png,**Reasoning:**  Scene A: The green object is moving towards the red object; and both objects are subject to gravity. The trajectory of the green object suggests a collision course with the red object.  Given the initial positions and velocities; it's likely that the red object will make contact with the yellow region before or after colliding with the green object. However; without more information about the exact timing and dynamics of the collision; we can't definitively say whether the red object will hit the yellow region first.  Scene B: In this scenario; the green object is positioned above the red object; creating a trajectory that could potentially allow both objects to pass each other or collide. Without additional details on their velocities or any possible air resistance affecting them; predicting their exact paths and timing of interaction becomes more challenging.  However; considering typical physical behavior under gravity; if the green object maintains its current path relative to the red object's stationary position; it might continue moving downwards and could potentially hit the yellow region. Yet; without explicit information on their velocities or any external forces acting upon them; pinpointing whether this will happen precisely is difficult.  Scene C: Similar to Scene B; with the green object positioned above the red object; there are multiple possible outcomes depending on their initial speeds and any air resistance they might encounter. If the green object maintains its trajectory without interference from outside forces; it could continue downwards and hit the yellow region. Yet; without explicit details on their velocities or additional environmental factors; predicting this outcome with certainty is challenging.  Scene D: Here; the green object appears to be moving directly towards the red object; suggesting a likely collision between them under gravity's influence. Given the direct trajectory of the green object relative to the stationary position of the red object; it's reasonable to anticipate that they will collide before either could interact with the yellow region.  **Final Result:** I predict that scene D will succeed.
170,2,Containment Scene,True,B,A,4,2,No,33.75,True_pilot-containment-cylinder-bowl-redyellow_0016_img.png,Reasoning:  Analyzing each scene step by step; focusing on the motion of the green object and the movement of the red object.  **Scene A**  * The green object is moving towards the red object. * The red object is not moving in any direction. * There are no other objects or forces affecting their trajectory. * Given the initial positions and velocities (or lack thereof); it appears that the red object will eventually collide with the yellow region as the green object approaches.  **Scene B**  * The green object is moving towards the red object; but at a slower pace compared to Scene A. * The red object is stationary; similar to Scene A. * The trajectory of both objects suggests a collision between them before they reach the yellow region. * As the green object continues its approach; it will collide with the red object first; and then both objects may interact with the yellow region depending on their velocities and masses.  **Scene C**  * The green object is moving towards the red object; but from a slightly different angle compared to Scenes A and B. * The red object is still stationary. * Given the altered trajectory of the green object; it's possible that it will not collide with the yellow region as directly as in Scenes A or B. * Instead; the green object might pass close to the yellow region without making contact.  **Scene D**  * The green object has already collided with the red object and is now on top of it. * Both objects are moving together towards the yellow region due to their combined momentum. * This collision will likely result in a significant change in velocity; potentially causing both objects to miss the yellow region or make contact depending on their new trajectory.  Final Result: I predict that scene A will succeed.
171,3,Containment Scene,True,D,D,4,4,Yes,44.52,True_pilot-containment-cylinder-bowl-redyellow_0016_img.png,**Reasoning for Scene A**  * The green object is moving towards the red object; creating a collision course. * As they approach each other; their trajectories will change due to gravity and momentum. * Assuming no external forces are acting on them (e.g.; air resistance); these objects will follow parabolic paths under the sole influence of gravity.  **Prediction for Scene A**  * The red object is currently below the green object in terms of height. * Given that both objects have the same mass and start from rest; they will accelerate downward at the same rate due to gravity (acceleration due to gravity = 9.81 m/s^2 on Earth). * As they near each other; their velocities will increase; but since there's no horizontal force acting on them; their paths will remain parallel. * Due to their initial positions and assuming no air resistance or other external forces; the green object will pass above the red object as it falls towards the ground.  **Final Result for Scene A**  I predict that scene A will not succeed.  **Reasoning for Scene B**  * The green object is again moving towards the red object. * In this scenario; both objects have moved closer together compared to Scene A but are still falling under gravity's influence. * Given their positions and assuming no external forces; they will continue to accelerate downward at the same rate as before.  **Prediction for Scene B**  * As in Scene A; due to their parallel paths and lack of horizontal force; the green object will pass above the red object as it falls towards the ground.  **Final Result for Scene B**  I predict that scene B will not succeed.  **Reasoning for Scene C**  * The green object is now positioned closer to the red object compared to Scenes A and B. * Its trajectory remains influenced solely by gravity; with no horizontal force acting on it. * Assuming the same conditions as before (no air resistance; etc.); this scenario presents a closer encounter between the two objects.  **Prediction for Scene C**  * The green object will continue its downward motion under gravity's influence. * Given their proximity and assuming no external interference; there's a higher likelihood of collision compared to Scenes A and B due to the reduced distance between them at impact.  **Final Result for Scene C**  I predict that scene C has a higher chance of success but still not guaranteed without additional factors influencing their trajectories.  **Reasoning for Scene D**  * The green object is positioned directly above the red object in this scenario. * Both objects are falling under gravity's influence; with no horizontal force acting on them to alter their paths.  **Prediction for Scene D**  * Given their direct vertical alignment and assuming no external forces; there's a significant likelihood of collision between these two objects as they fall towards the ground.  **Final Result**  I predict that scene D will succeed.
172,4,Containment Scene,True,C,B,4,3,No,35.13,True_pilot-containment-cylinder-bowl-redyellow_0016_img.png,Reasoning:  **Scene A**  *   The green object is moving towards the red object. *   The trajectory of the green object suggests a collision course with the red object. *   Assuming no significant external forces or obstacles; the green object's velocity and direction imply it will continue on its path until it reaches the red object. *   Given this scenario; the likelihood of the red object making contact with the yellow region appears low due to the impending collision between the two objects.  **Scene B**  *   The green object is positioned at an angle relative to both the red object and the yellow region. *   Its trajectory indicates it may not directly collide with either object but could potentially pass by or interact with one of them. *   Considering the green object's path; there seems to be a high chance that it will make contact with the yellow region before reaching the red object.  **Scene C**  *   The green object is moving towards the red object but at an angle that does not directly align with either object or the yellow region. *   Its trajectory suggests it may miss both objects and potentially pass by or interact with the yellow region indirectly. *   Given this scenario; the likelihood of the red object making contact with the yellow region appears moderate to low due to the green object's angled approach.  **Scene D**  *   The green object is moving towards the red object but at a slower pace compared to the other scenes. *   Its trajectory indicates it will eventually reach the red object but may not have enough momentum or time to interact with the yellow region significantly before colliding with the red object. *   Considering the green object's velocity and direction; there seems to be a low chance that the red object will make contact with the yellow region.  Final Result: I predict that scene B will succeed.
173,1,Containment Scene,True,C,A,4,3,No,32.95,True_pilot-containment-cone-plate-redyellow_0004_img.png,**Reasoning**  To determine which initial scene is most likely to result in the red object making contact with the yellow region; we need to analyze each scene step by step.  Scene A: - The green object is moving towards the right side of the image. - The red object is stationary at the top-left corner. - Given the green object's trajectory and the absence of any obstacles or objects that could alter its path; it appears likely to continue moving in a straight line. - This suggests that the red object will eventually be on a collision course with the yellow region.  Scene B: - The green object is positioned at an angle; indicating it may have lost some horizontal momentum due to gravity or another force not visible in this frame. - However; its trajectory still seems to point towards the right side of the image and potentially towards the yellow region. - The red object is stationary near the top-right corner; which means it could intersect with the green object's path if their trajectories continue unchanged.  Scene C: - Similar to Scene A; the green object appears to be moving directly towards the yellow region without any visible obstacles in its way. - The red object is positioned at the bottom of the image; and given its stationary state; it does not seem likely to interfere with the green object's path unless the scene changes significantly.  Scene D: - In this scenario; the green object seems to be moving towards the left side of the image; which means it will pass by the yellow region without making contact. - The red object is stationary at the top-left corner but appears to have a clear trajectory that does not intersect with either the green object or the yellow region.  **Final Result** I predict that scene A will succeed.
174,2,Containment Scene,True,A,B,4,1,No,33.83,True_pilot-containment-cone-plate-redyellow_0004_img.png,**Reasoning**  To determine which initial scene is most likely to result in the red object making contact with the yellow region; we need to analyze each scene step by step.  *   **Scene A**: The green object is moving towards the red object. Given its trajectory and velocity; it appears that if the green object continues on its current path; it will collide with the red object before reaching the yellow region. *   **Scene B**: In this scenario; the green object has already collided with the red object. As a result; both objects are now moving in tandem towards the yellow region. Since they are now combined and have the same velocity as the original red object; it seems likely that at least one of these merged objects will make contact with the yellow region. *   **Scene C**: The green object is still moving towards the red object but has not yet collided with it. However; based on its current trajectory and the position of the red object; it appears unlikely that the green object will collide with the yellow region before colliding with the red object first. *   **Scene D**: In this scenario; the green object has already passed by the red object and is now moving away from it. Given its direction and velocity; it seems clear that the green object will not make contact with the yellow region.  **Final Result**  I predict that scene B will succeed.
175,3,Containment Scene,True,B,A,4,2,No,30.46,True_pilot-containment-cone-plate-redyellow_0004_img.png,**Reasoning**  To determine which initial scene is most likely to result in the red object making contact with the yellow region; we need to analyze each scene step by step.  *   **Scene A**: The green object is moving towards the red object. If it continues on its current trajectory; it will collide with the red object before reaching the yellow region. *   **Scene B**: Similar to Scene A; the green object appears to be heading straight for the red object. Without additional information about its velocity or direction; we can't predict whether it will reach the yellow region first. *   **Scene C**: The green object seems to have changed direction slightly and is now moving towards the yellow region. If this continues; it's likely that the red object won't make contact with the yellow region since the green object is getting closer to it. *   **Scene D**: In this scene; the green object appears to be moving away from both the red object and the yellow region. It seems unlikely that the red object will make contact with the yellow region.  **Final Result**  Based on the analysis of each scene; I predict that Scene C has the highest chance of success because the green object is moving towards the yellow region instead of directly at the red object. This increases the likelihood that the red object won't collide with the yellow region but rather with the green object first.
176,4,Containment Scene,True,D,D,4,4,Yes,38.55,True_pilot-containment-cone-plate-redyellow_0004_img.png,**Reasoning**  Scene A: The green object is initially moving towards the red object; but its trajectory appears to be curved. The red object seems to be stationary or slowly moving away from the yellow region.  Scene B: In this scenario; the green object's path intersects with the yellow region more directly than in Scene A. However; without considering air resistance or any other external factors that might affect the objects' motion; it is challenging to predict the exact outcome based solely on the initial positions and velocities shown.  Scene C: Similar to Scene B; the green object seems poised to collide with the yellow region. The angle of incidence appears favorable for a collision; but without more information about the objects' masses or any potential energy transfer during impact; it's difficult to make a definitive prediction.  Scene D: In this scenario; the green object is moving directly towards the red object; which is in close proximity to the yellow region. Given the geometry of the situation and assuming no external forces interfere with their motion; it appears likely that the green object will collide with the red object before reaching the yellow region.  **Final Result** I predict that scene D will succeed.
177,1,Containment Scene,True,B,C,4,1,No,30.47,True_pilot-containment-bowl-redyellow_0021_img.png,**Reasoning:**  Scene A: The green object is moving towards the red object; but it's not clear if the trajectory will intersect with the yellow region. The red object appears to be stationary or slowly moving away from the yellow region.  Scene B: Similar to Scene A; the green object is again moving towards the red object; but its trajectory does not seem to align with the yellow region. The red object seems to be at a slight angle; which might affect its collision course with the yellow region.  Scene C: In this scene; the green object is more directly aligned with both the red object and the yellow region. However; without clear trajectories or velocities; it's challenging to predict if contact will occur.  Scene D: The green object appears to be moving away from both the red object and the yellow region; suggesting a lower likelihood of collision between these elements.  **Final Result:** I predict that scene C will succeed.
178,2,Containment Scene,True,C,A,4,1,No,32.92,True_pilot-containment-bowl-redyellow_0021_img.png,**Reasoning for Scene A**  In Scene A; the green object is moving towards the red object. The trajectory of the green object suggests that it will collide with the red object before reaching the yellow region. As a result; the red object will not have enough time to interact with the yellow region.  **Reasoning for Scene B**  Scene B shows the green object slightly closer to the red object than in Scene A. However; its trajectory still indicates that it will collide with the red object rather than approaching the yellow region. Therefore; the red object is unlikely to make contact with the yellow region in this scenario.  **Reasoning for Scene C**  In Scene C; the green object has moved closer to the red object and is now positioned between them. Its trajectory suggests that it will continue moving towards the red object; potentially causing a collision. Given this scenario; it appears that the red object may not have enough time or opportunity to interact with the yellow region.  **Reasoning for Scene D**  Scene D shows the green object at its closest proximity to the red object yet. Its trajectory indicates that it will likely collide with the red object; making it unlikely for the red object to make contact with the yellow region.  **Final Result**  Based on the analysis of each scene's initial setup and physical dynamics; I predict that **Scene A** will succeed.
179,3,Containment Scene,True,A,D,4,3,No,34.46,True_pilot-containment-bowl-redyellow_0021_img.png,Reasoning:  Scene A: - The green object is moving towards the red object. - The red object is not moving towards the yellow region; it's focused on colliding with the green object. - There is no indication of any force or influence pushing the red object towards the yellow region. - Assuming the motion continues as seen; the red object will likely collide with the green object before reaching the yellow region.  Scene B: - The trajectory of both objects suggests they are moving in a straight line. - The red object appears to be slightly slower than the green object but is on a collision course with it. - Without additional forces or influences; the red object's path will likely continue towards the green object and not deviate towards the yellow region.  Scene C: - This scene is similar to Scene B; with both objects moving in straight lines. - The red object seems slightly slower than the green object but still on a collision course. - Similar to Scenes A and B; without additional forces or influences; the red object's path will likely continue towards the green object.  Scene D: - This scene shows the red object has already collided with the green object. - The red object is now moving in a different direction compared to its initial trajectory; indicating a change in momentum due to the collision. - Given this new trajectory; it's possible the red object could potentially reach and make contact with the yellow region.  Final Result: I predict that Scene D will succeed.
180,4,Containment Scene,True,D,C,4,2,No,37.74,True_pilot-containment-bowl-redyellow_0021_img.png,Reasoning:   Scene A: - The green object is moving towards the red object. - The red object is stationary and has no initial velocity. - Since both objects are under gravity; they will fall together. - As they approach each other; the green object's velocity increases due to its downward motion. - Given the green object's trajectory and the lack of any force pushing it away from the yellow region; it is likely that the green object will pass above the red object. - The red object; being stationary; does not have a horizontal component of velocity to affect its path. - Therefore; based on initial conditions and physical laws governing motion under gravity; the red object is unlikely to make contact with the yellow region in Scene A.  Scene B: - Similar to Scene A; the green object is moving towards the red object. - The key difference here is that the red object has an initial velocity away from the yellow region. - This means that when the two objects meet; their combined motion will cause them to move further apart rather than closer together. - Given this scenario; it's clear that the red object will not make contact with the yellow region in Scene B.  Scene C: - In this scene; the green object is moving directly towards the red object and has no initial horizontal velocity component. - The red object is also stationary but faces the same direction as the green object. - As they approach each other; their combined mass will increase their velocity downward due to gravity. - However; since both objects are initially facing in the same direction and have no horizontal motion that would push them away from the yellow region; it's plausible that they could collide with the yellow region if their trajectories remain unchanged. - But considering the initial setup and assuming no external forces alter their paths; there is a possibility of contact.  Scene D: - In this scenario; the green object has an initial velocity component perpendicular to its path towards the red object. - This means it will not only be moving downwards under gravity but also sideways away from the yellow region. - The red object; being stationary and facing directly at the green object; does not have any horizontal motion that could affect its path towards or away from the yellow region. - Given these conditions; it's highly unlikely for the red object to make contact with the yellow region in Scene D.  Final Result: I predict that scene C will succeed.
181,1,Containment Scene,True,C,A,4,2,No,35.24,True_pilot-containment-torus-redyellow_0008_img.png,"**Step 1: Analyze Scene A**  In Scene A; the green object is moving towards the red object. The trajectory of the green object suggests that it will continue to move in a straight line until it collides with the red object or reaches its maximum height and falls back down. Since there are no obstacles between the two objects; they will collide.  **Step 2: Analyze Scene B**  In Scene B; the green object is also moving towards the red object. However; the angle of incidence is different from Scene A. The green object will continue to move in a straight line until it collides with the red object or reaches its maximum height and falls back down.  **Step 3: Analyze Scene C**  In Scene C; the trajectory of the green object is identical to Scene B. Therefore; the analysis for Scene C will be the same as Scene B.  **Step 4: Analyze Scene D**  In Scene D; the green object has changed direction and is now moving away from the red object. As a result; it will not collide with the yellow region.  **Conclusion**  Based on the analysis of each scene; I predict that **Scene A** will succeed because the green object is moving directly towards the red object without any obstacles or changes in direction.  Final Result: ""I predict that scene A will succeed."""
182,2,Containment Scene,True,D,C,4,2,No,36.06,True_pilot-containment-torus-redyellow_0008_img.png,"**Step 1: Analyze Scene A**  In Scene A; the green object is moving towards the red object. The trajectory of the green object suggests it will pass by the red object without making contact with the yellow region.  **Step 2: Analyze Scene B**  Scene B shows a similar setup to Scene A but with a slightly different angle. However; the motion of the green object remains consistent; indicating it will continue on its path and not make contact with the yellow region.  **Step 3: Analyze Scene C**  In Scene C; the red object is positioned closer to the yellow region than in Scenes A and B. The green object's trajectory indicates it will pass by the red object and potentially collide with the yellow region.  **Step 4: Analyze Scene D**  Scene D shows a more complex setup with the green object moving towards the red object at an angle. The red object is positioned closer to the yellow region than in Scenes A and B; but the trajectory of the green object suggests it will not make contact with the yellow region.  **Conclusion**  Based on the analysis; Scene C has the highest likelihood of success because the red object is positioned closest to the yellow region; and the green object's trajectory indicates a potential collision with the yellow region.  Final Result: ""I predict that scene C will succeed."""
183,3,Containment Scene,True,B,A,4,2,No,35.78,True_pilot-containment-torus-redyellow_0008_img.png,**Reasoning**  To determine which initial scene is most likely to result in the red object making contact with the yellow region; we need to analyze each scene step by step.  *   **Scene A**: The green object is moving towards the red object. Since there are no obstacles or forces acting on the red object; it will continue its downward motion under gravity. Given the trajectory of the green object and assuming it doesn't change direction significantly before reaching the yellow region; there's a high likelihood that the red object will make contact with the yellow region as the green object passes by. *   **Scene B**: The green object is positioned above the red object but further away from the yellow region. Its trajectory suggests it might not reach the yellow region before impacting or passing close to the red object. However; without more information on its velocity and direction of descent; we cannot definitively say if contact will be made with the yellow region. *   **Scene C**: The green object is moving towards the red object but at a slower pace compared to Scene A. Given the same assumptions as before (no significant change in trajectory); it's less certain that the red object will make contact with the yellow region since the green object might not reach the necessary proximity or velocity for collision. *   **Scene D**: The green object is positioned below and slightly ahead of the red object; indicating a potential path towards the yellow region. However; without clear indication of its descent speed or trajectory adjustment; it's challenging to predict with certainty whether contact will be made.  **Final Result**  Based on the analysis; Scene A presents the highest likelihood for the red object to make contact with the yellow region due to the direct and swift movement of the green object towards both objects. This scenario maximizes the chances of a collision between the red object and the yellow region as the green object passes by.  **Answer:** I predict that scene A will succeed.
184,4,Containment Scene,True,A,C,4,3,No,39.52,True_pilot-containment-torus-redyellow_0008_img.png,Reasoning:  **Scene A**  * The green object is moving towards the red object. * The red object is stationary; so it cannot affect the trajectory of the green object. * Since the green object has a curved path and its velocity is not perpendicular to the yellow region's surface; there is no direct collision between the two objects. * However; due to gravity; the green object will continue to move downwards and eventually intersect with the yellow region.  **Scene B**  * The green object is moving towards the red object; but at a slower pace compared to Scene A. * Similar to Scene A; the red object remains stationary and does not impact the trajectory of the green object. * Although the green object has less horizontal velocity in this scenario; it still maintains some forward motion due to its initial direction. * As gravity takes effect; the green object will continue moving downwards and eventually make contact with the yellow region.  **Scene C**  * In contrast to Scenes A and B; both objects are initially stationary. * The green object begins moving towards the red object; but at a slower pace compared to the previous scenarios. * Since both objects start from rest; their velocities are equal in magnitude but opposite in direction (i.e.; one is moving up while the other moves down). * Due to this symmetry and assuming no external forces affect them; they will continue to move towards each other until they collide with the yellow region.  **Scene D**  * The green object is not moving towards either of the objects; instead; it has an upward trajectory. * This means that the red object cannot make contact with the yellow region because there are no colliding bodies involved in this scenario. * As gravity acts on all objects equally; the red object will remain stationary and the green object will move upwards without intersecting with either object or the yellow region.  **Comparison**  Based on the analysis above; Scene C has the highest likelihood of success. This is because both objects are initially moving towards each other due to their equal but opposite velocities; ensuring a collision with the yellow region.  Final Result: I predict that scene C will succeed.
185,1,Containment Scene,True,D,A,4,2,No,37.72,True_pilot-containment-box-redyellow_0021_img.png,Reasoning:  **Scene A:**  1. The green object is moving towards the red object. 2. The red object appears to be at rest; with no visible motion or acceleration. 3. Given the lack of any apparent force acting on the red object (such as a push or pull); it will continue to move in its current direction unless an external force acts upon it. 4. Since there are no other objects close enough to exert an influence on the red object's trajectory; and considering gravity is not shown to be affecting its motion significantly; the red object will maintain its current path.  **Conclusion for Scene A:** Yes; the red object is likely to make contact with the yellow region based on its initial position and the absence of visible forces altering its trajectory.  **Scene B:**  1. Similar to Scene A; the green object is moving towards the red object. 2. The red object seems stationary but might be subject to a slight gravitational pull downwards due to its shape and orientation. 3. Assuming no other forces are acting on it; the red object will continue to fall under gravity unless an external force interferes with this motion. 4. Given that there's nothing in close proximity to apply additional forces; the red object's descent towards the yellow region will likely be uninterrupted.  **Conclusion for Scene B:** Yes; the red object is likely to make contact with the yellow region based on its initial position and gravitational influence.  **Scene C:**  1. The green object is moving away from the red object. 2. The red object appears stationary but could be subject to a slight downward force due to gravity. 3. Since there's no indication of an external force acting on the red object to change its direction or speed; it will continue in place unless another object collides with it or a force alters its path. 4. Given that the green object is moving away and does not seem to be on a collision course with the red object; their paths do not intersect.  **Conclusion for Scene C:** No; the red object is unlikely to make contact with the yellow region based on the diverging trajectories of the objects involved.  **Scene D:**  1. The green object is moving towards the red object. 2. The red object appears stationary but could be subject to a slight downward force due to gravity. 3. Without any visible forces acting on the red object; it will continue in its current state unless another object or force alters its trajectory. 4. Since there's no indication of an external influence preventing contact between the green and red objects; they are likely to collide.  **Conclusion for Scene D:** Yes; the red object is likely to make contact with the yellow region based on their initial positions and lack of visible forces disrupting their paths.  Final Result: I predict that scene A will succeed.
186,2,Containment Scene,True,B,B,4,4,Yes,34.29,True_pilot-containment-box-redyellow_0021_img.png,Reasoning:  **Scene A**  *   The red object is stationary on top of a black cone. *   The green ball is moving towards the red object; but it's not clear if it has enough velocity to reach the yellow region first. *   Since the green ball is moving directly towards the red object and not towards the yellow region; there's a high likelihood that the green ball will collide with the red object before reaching the yellow region.  **Scene B**  *   The red object is stationary on top of a black cone. *   The green ball has already passed the yellow region and is now heading straight for the red object. *   Given its trajectory; it's highly probable that the green ball will collide with the red object before making contact with the yellow region.  **Scene C**  *   The red object is stationary on top of a black cone. *   The green ball is moving towards the yellow region but at an angle; which means it won't directly hit the red object first. *   However; considering the green ball's trajectory and initial velocity; there's a good chance that after passing the yellow region; the green ball will change direction or slow down due to gravity; potentially allowing it to collide with the red object.  **Scene D**  *   The red object is stationary on top of a black cone. *   The green ball is moving towards the yellow region at an angle; similar to Scene C. *   Given its trajectory and initial velocity; there's a possibility that the green ball will slow down or change direction after passing the yellow region; potentially allowing it to collide with the red object.  Final Result: I predict that scene B will succeed.
187,3,Containment Scene,True,A,D,4,3,No,37.99,True_pilot-containment-box-redyellow_0021_img.png,Reasoning:  Scene A: The green object is moving towards the red object; and both objects are under the influence of gravity. The red object appears to be stationary at this moment; but as the green object approaches it; they will collide due to their relative velocities and masses. This collision will cause the red object to change its trajectory; potentially heading towards the yellow region.  Scene B: Similar to Scene A; the green object is moving towards the red object. However; in this scene; the red object seems to be slightly tilted downwards; which might affect its motion after colliding with the green object. The collision will still occur; and the resulting trajectory of the red object could lead it to make contact with the yellow region.  Scene C: In Scene C; the green object is moving away from the red object; but due to gravity; both objects are accelerating downwards. If the green object continues on its current path; it might not directly impact the red object's motion towards the yellow region. However; considering the red object's initial position and trajectory; there's a possibility that it could still reach the yellow region without interference from the green object.  Scene D: This scene shows the green object moving away from the red object and having some horizontal velocity component. Given its direction and speed relative to the red object; it's unlikely that they will collide in a way that significantly impacts the red object's trajectory towards the yellow region. The red object seems poised to make contact with the yellow region based on its initial conditions.  Final Result: I predict that scene D will succeed.
188,4,Containment Scene,True,C,D,4,2,No,28.35,True_pilot-containment-box-redyellow_0021_img.png,**Reasoning**  ### Scene A  * The green object is moving towards the red object. * As it approaches; its trajectory suggests it may pass by or collide with the yellow region first. * If this collision occurs; the green object's momentum could affect the red object's motion indirectly; but direct contact between the red object and the yellow region seems less likely.  ### Scene B  * The green object is positioned closer to the yellow region than in Scene A. * Its trajectory indicates it will likely pass over or through the yellow region before reaching the red object. * Given its speed and direction; a collision with the yellow region appears imminent but might not be enough to alter the red object's path significantly.  ### Scene C  * The green object is farther away from both the red object and the yellow region compared to Scenes A and B. * Its trajectory suggests it will reach the red object first; potentially affecting its motion. * However; this scenario seems less direct in terms of the red object contacting the yellow region due to the green object's influence on the red object's path.  ### Scene D  * The green object is moving directly towards the red object and the yellow region. * Its trajectory indicates it will collide with either the red object or the yellow region first; depending on their relative positions. * Given its speed and direction; a collision that could alter the red object's path and potentially lead to contact with the yellow region seems most likely.  **Final Result**  I predict that scene D will succeed.
189,1,Containment Scene,True,C,A,4,1,No,35.68,True_pilot-containment-bowl-redyellow_0029_img.png,**Reasoning**  To determine which initial scene is most likely to result in the red object making contact with the yellow region; we need to analyze each scene step by step.  **Scene A:**  *   The green object is moving towards the red object. *   The red object appears to be stationary or moving away from the green object. *   There is no apparent force acting on the red object that would cause it to move towards the yellow region. *   Based on the current motion of both objects; it seems unlikely that the red object will make contact with the yellow region.  **Scene B:**  *   The green object has gained speed and is now moving rapidly towards the red object. *   The red object appears to be slowing down or losing momentum as it approaches the yellow region. *   Although the red object's motion indicates a potential collision with the green object; its trajectory suggests that it may not make contact with the yellow region.  **Scene C:**  *   The green object has maintained its speed and is now about to collide with the red object. *   However; due to the red object's slower movement towards the yellow region; it seems less likely for the two objects to collide with each other or the yellow region simultaneously. *   This scenario does not appear to be favorable for the red object making contact with the yellow region.  **Scene D:**  *   The green object has slowed down significantly and is now moving away from both the red object and the yellow region. *   The red object appears to have gained speed and momentum; indicating a higher likelihood of collision with either the green object or the yellow region. *   Given the current motion of the objects; it seems more probable that the red object will make contact with the yellow region in this scenario.  **Final Result**  Based on my analysis; I predict that scene D is the most likely to result in the red object making contact with the yellow region.
190,2,Containment Scene,True,B,C,4,1,No,38.85,True_pilot-containment-bowl-redyellow_0029_img.png,**Reasoning for Scene A:**  In Scene A; the green object is moving towards the red object. Given its direction and trajectory; it seems likely that the green object will collide with the red object before reaching the yellow region.  * The green object's velocity suggests a high likelihood of collision with the red object. * Assuming no significant external forces or obstacles intervene; the red object will continue to move in its current path. * Without sufficient information about the green object's mass and the red object's initial velocity; we cannot definitively determine the exact outcome. However; based on the given trajectory and the principles of physics governing collisions; it appears improbable that the red object will make contact with the yellow region.  **Reasoning for Scene B:**  In Scene B; the green object is also moving towards the red object but at a slower pace compared to Scene A. Given this slower approach; there's a slightly higher chance that the red object could reach or be near the yellow region before the collision occurs.  * The green object's slower velocity suggests a possibility of avoiding the collision with the red object. * Assuming no external forces interfere and both objects follow their current trajectories; it seems plausible that the red object might make contact with the yellow region; especially considering its initial position relative to the yellow area.  **Reasoning for Scene C:**  In Scene C; the green object is moving away from the red object. This trajectory suggests a minimal chance of collision between the two objects and thus increases the likelihood of the red object making contact with the yellow region.  * The green object's direction away from the red object indicates no immediate threat to the red object's path towards the yellow area. * Given this scenario; it appears most probable that the red object will make contact with the yellow region due to the absence of any direct collision course with the green object.  **Reasoning for Scene D:**  In Scene D; similar to Scene A and B; the green object is moving towards the red object but at a slower pace than in Scene A. This scenario presents a mix of possibilities depending on the exact velocities and masses involved.  * Similar to Scene B; there's a possibility that the red object could reach or be near the yellow region before the collision with the green object. * However; without specific details about the objects' properties (mass; velocity); it's challenging to definitively predict the outcome. Yet; based on the visual analysis and principles of physics; this scenario does not strongly favor either the red object making contact with the yellow region or avoiding it.  **Final Result:**  Based on the detailed step-by-step analysis for each scene; considering the trajectories and velocities of the objects involved; I conclude that Scene C presents the highest likelihood of success. This is because in Scene C; there's no direct threat to the red object's path towards the yellow region from the green object; making it more probable for the red object to make contact with the yellow area.  **Final Answer:**  I predict that scene C will succeed.
191,3,Containment Scene,True,D,C,4,1,No,36.48,True_pilot-containment-bowl-redyellow_0029_img.png,"**Step 1: Analyze Scene A**  In Scene A; the red object is at rest on a flat surface. The green object is moving towards it but appears to be slowing down due to gravity or friction. Since both objects are free-moving and affected by gravity; and there's no stickiness between them; they will continue their motion according to physical laws.  The trajectory of the red object seems stable; it won't move significantly because its initial position is on a flat surface with minimal horizontal velocity. The green object; however; has more momentum due to its speed in the direction towards the red object. Given that neither object shows signs of significant acceleration or deceleration other than what's expected from gravity and friction; the likely outcome is that the green object will continue moving but at a slower pace.  **Prediction for Scene A:** No  **Step 2: Analyze Scene B**  In Scene B; both objects are in motion. The red object has some horizontal velocity towards the right side of the image; while the green object moves downward with significant momentum towards the red one. Given the angles and velocities; it's clear that the green object will continue its descent and likely collide with or very close to the red object.  **Prediction for Scene B:** Yes  **Step 3: Analyze Scene C**  In Scene C; both objects are again in motion but with different trajectories. The red object moves downwards towards the yellow region; while the green object has a horizontal velocity towards the right side of the image. Both objects seem to have enough momentum to reach their respective targets without significant deceleration from friction or gravity alone.  **Prediction for Scene C:** Yes  **Step 4: Analyze Scene D**  In Scene D; both objects are at rest initially but with opposite directions of motion indicated by arrows on them. The red object is expected to move downwards towards the yellow region based on the arrow direction; and similarly; the green object will move towards the red one.  Given their initial positions and the lack of external forces depicted in the image (such as gravity); these objects would start moving simultaneously but in opposite directions. However; without clear depiction of velocity or time scale; it's challenging to predict exact outcomes. Yet; considering typical physical behavior under gravity; both objects are likely to move but might not necessarily collide with each other.  **Prediction for Scene D:** Uncertain based on limited information  Given the analysis:  Final Result: ""I predict that scene C will succeed."""
192,4,Containment Scene,True,A,B,4,1,No,43.12,True_pilot-containment-bowl-redyellow_0029_img.png,"**Step 1: Analyze Scene A**  In Scene A; the green object is moving towards the red object. The trajectory of the green object suggests that it will collide with the red object before reaching the yellow region. Therefore; based on the initial motion and trajectory of the objects; it is unlikely that the red object will make contact with the yellow region.  **Step 2: Analyze Scene B**  In Scene B; the green object has already collided with the red object. As a result; both objects are now moving in the same direction towards the yellow region. Given their combined momentum and velocity; it is likely that they will collide with the yellow region.  **Step 3: Analyze Scene C**  In Scene C; the green object is still moving towards the red object but at a slower pace compared to Scene B. The trajectory of both objects suggests that they may not have enough time or energy to reach the yellow region before colliding with each other. Therefore; based on their current motion and velocity; it is unlikely that the red object will make contact with the yellow region.  **Step 4: Analyze Scene D**  In Scene D; the green object has just collided with the red object; causing them to change direction. The combined momentum of both objects now propels them towards the yellow region. Given their velocity and trajectory; it is likely that they will collide with the yellow region.  **Conclusion**  Based on the analysis of each scene; I conclude that Scene B has the highest likelihood of success; as the green object has already collided with the red object; and both objects are now moving in the same direction towards the yellow region. Therefore:  Final Result: ""I predict that scene B will succeed."""
193,1,Containment Scene,True,D,A,4,3,No,40.38,True_pilot-containment-vase-redyellow_0021_img.png,**Reasoning:**  To determine which initial scene is most likely to result in the red object making contact with the yellow region; we need to analyze each scene step by step.  *   Scene A: The green object is moving towards the red object. Given that there are no external forces acting on the objects (no wind or other disturbances); and assuming all objects have similar mass and size; the collision between the two objects will occur. However; without more detailed information about their velocities and positions at the moment of contact; it's challenging to predict exactly where the red object will go after colliding with the green object. Still; based on the initial setup; there is a high chance that the red object could bounce off in such a way as to potentially touch or even pass through the yellow region. *   Scene B: Similar to Scene A; the green object is moving towards the red object. However; since this scene shows the objects starting from a different position and angle compared to Scene A; it's more challenging to predict their exact paths without more information about their velocities. Nonetheless; given that they are both in motion towards each other under gravity; one can infer that there will be some interaction upon collision; which might influence the trajectory of the red object. *   Scene C: In this scenario; the green object is already past the point where it would collide with the red object based on its initial velocity and direction. The red object is stationary at a position closer to the yellow region than in Scenes A or B. Given that there are no external forces acting on these objects; they will continue moving according to their inertia. Therefore; without any additional information suggesting an alteration of their paths due to collision or other factors; it seems less likely for the red object to make contact with the yellow region compared to the scenarios where collisions are imminent. *   Scene D: This scene shows a similar setup to Scenes A and B; but with the green object positioned differently. Given that all objects move freely under gravity and without any external forces affecting them; one can infer that they will continue moving based on their initial velocities and directions until an interaction (collision) occurs or until they reach the edge of the depicted space.  **Final Result:** I predict that scene A will succeed.
194,2,Containment Scene,True,C,A,4,3,No,33.79,True_pilot-containment-vase-redyellow_0021_img.png,**Reasoning**  ### Scene A  * The green object is moving towards the red object. * The red object appears to be stationary or slightly moving away from the green object. * Given their relative velocities and positions; it's likely that the red object will continue moving down due to gravity. * However; without more information about its initial velocity or constraints on its motion (e.g.; friction); we cannot definitively predict contact with the yellow region based solely on visual analysis.  ### Scene B  * The green object is positioned above the red object and appears to be falling towards it. * The trajectory of both objects suggests that they will intersect due to gravity acting on them equally. * Without any constraints or forces preventing their collision; it's reasonable to conclude that the red object will likely make contact with the yellow region as the green object falls onto it.  ### Scene C  * Similar to Scene A; the green object is moving towards the red object. * However; in this scenario; the red object seems stationary and positioned closer to the yellow region compared to Scene A. * Given the green object's downward trajectory due to gravity and assuming no external forces alter their paths significantly; it's plausible that the red object will make contact with the yellow region as the green object continues its fall.  ### Scene D  * The green object is positioned above the red object but appears to be moving away from it. * Unlike Scenes B and C; where the objects' trajectories suggest an impending collision; here they seem to be diverging due to their initial velocities and positions relative to each other. * Without further information or constraints on their motion; it's challenging to predict with certainty whether the red object will make contact with the yellow region.  **Final Result**  Based on the analysis of all scenes; I predict that **Scene B** will succeed. This is because in Scene B; both objects are clearly on a collision course due to gravity acting equally on them without any apparent constraints preventing their interaction. The trajectory and positioning of the objects in this scene make it the most likely scenario for the red object to make contact with the yellow region.
195,3,Containment Scene,True,A,D,4,1,No,36.86,True_pilot-containment-vase-redyellow_0021_img.png,Reasoning:  **Scene A**  * The green object is moving towards the red object. * The red object is stationary; so it will not move on its own. * Since there are no other forces acting on the red object (like gravity or friction); and considering the objects' velocities and directions; the red object will continue to remain still while the green object approaches. * As a result; the red object will not make contact with the yellow region.  **Scene B**  * The green object is moving towards the red object at an angle that suggests it might hit the yellow region first. * However; since both objects are affected by gravity and have the same mass (assuming they are identical); their motion should be symmetrical in a perfectly horizontal plane. * Given the green object's trajectory; it seems unlikely to directly hit the yellow region without first colliding with the red object. * Thus; based on the physical principles of motion under gravity; the red object will likely make contact with the yellow region.  **Scene C**  * The green object is moving towards the red object but at a slower pace than in Scene B. * With less initial velocity; it might not reach the height where it could hit the yellow region directly before colliding with the red object. * Considering the objects' masses and assuming no air resistance; their motion would still be governed by gravity. * Given this scenario; it appears that the red object will make contact with the yellow region.  **Scene D**  * The green object is moving towards the red object but at a faster pace than in Scene A or C. * With more initial velocity; it could potentially hit the yellow region before reaching the red object. * However; without exact details on the objects' sizes and masses; we can infer based on their motion that gravity will pull them down uniformly. * Given this setup; there's a high likelihood that the red object will make contact with the yellow region.  Final Result: I predict that scene D will succeed.
196,4,Containment Scene,True,B,D,4,2,No,30.03,True_pilot-containment-vase-redyellow_0021_img.png,Reasoning:  **Scene A:**  * The green object is moving towards the red object. * The yellow region is below and behind the red object. * Since there are no obstacles in the way; the green object will continue to move forward. * As it approaches the red object; it will pass above it due to its trajectory. * The red object's path does not intersect with the yellow region.  **Scene B:**  * The green object is moving towards the red object from a different angle than Scene A. * However; its trajectory still passes above the red object. * There are no obstacles or forces acting on the objects that would change their trajectories. * Therefore; the red object will not make contact with the yellow region.  **Scene C:**  * The green object is moving towards the red object from an angle similar to Scene B. * However; its trajectory is slightly more direct than in Scene A and B. * As it approaches the red object; it will pass directly above it. * There are no obstacles or forces acting on the objects that would change their trajectories. * Therefore; the red object will not make contact with the yellow region.  **Scene D:**  * The green object is moving towards the red object from a different angle than Scenes A-C. * However; its trajectory still passes above the red object. * There are no obstacles or forces acting on the objects that would change their trajectories. * Therefore; the red object will not make contact with the yellow region.  Final Result: I predict that scene D will succeed.
197,1,Containment Scene,True,C,C,4,4,Yes,34.31,True_pilot-containment-bowl-redyellow_0014_img.png,"Reasoning:  *   Scene A:     *   The green object is moving towards the red object.     *   The trajectory of the green object suggests a collision course with the red object.     *   Upon impact; both objects will continue their motion in different directions due to Newton's third law of motion.     *   As these objects move away from each other; they may or may not make contact with the yellow region depending on their new trajectories and velocities. *   Scene B:     *   The green object has already passed by the red object; moving further away from it.     *   Given its current trajectory and velocity; it is unlikely to collide with the red object again.     *   Without any additional information about its future path; it's challenging to determine whether the green object will eventually interact with the yellow region. *   Scene C:     *   The green object has reached a point where it can no longer continue moving towards the red object due to the presence of the yellow region.     *   Assuming the green object does not change direction or speed significantly; it is likely to collide with the yellow region before encountering any other obstacle. *   Scene D:     *   The green object's path diverges from the red object; indicating a missed collision opportunity.     *   Without further information about its future trajectory and velocity; predicting contact with the yellow region based solely on this image is challenging.  Final Result: ""I predict that scene C will succeed."""
198,2,Containment Scene,True,A,D,4,1,No,40.90,True_pilot-containment-bowl-redyellow_0014_img.png,**Reasoning**  To determine which initial scene is most likely to result in the red object making contact with the yellow region; we need to analyze each scene step by step and identify the causal physical reasoning chain underlying its motion.  *   **Scene A**: The green object moves towards the red object. Since there's no stickiness between objects; they will collide based on velocity; direction; mass; etc. If the collision is elastic (no energy loss); both objects will rebound in opposite directions. Given that the yellow region is not in line with the initial trajectory of the red object; it's unlikely to make contact. *   **Scene B**: The green object moves towards the red object at an angle. This could potentially lead to a collision between the two objects as they approach each other on a curved path. However; without more information about their velocities and directions; it's difficult to predict whether the yellow region will be involved in this scenario. *   **Scene C**: The green object moves towards the red object at an even steeper angle than Scene B. This trajectory suggests that the collision between the two objects could indeed involve the yellow region if they meet at a point where the red object is close to or within the yellow area. *   **Scene D**: The green object moves directly towards the red object; which places it in line with the path of both objects. Given their direct approach and assuming an elastic collision; it's plausible that the red object could make contact with the yellow region if they collide at a point where the red object is near or within the yellow area.  **Final Result**  Based on the analysis; **Scene D** has the highest likelihood of success because both objects are directly approaching each other; which increases the chances of a collision involving the yellow region. The direct path and potential elastic collision make it more probable for the red object to come into contact with the yellow region compared to the other scenes where their trajectories do not align as closely or directly with the yellow area.  I predict that scene D will succeed.
199,3,Containment Scene,True,B,C,4,1,No,35.54,True_pilot-containment-bowl-redyellow_0014_img.png,"**Reasoning**  ### Scene Analysis  *   **Scene A**: The green object is moving towards the red object; and its trajectory suggests it will collide with the yellow region first. However; upon closer inspection; it appears the green object's path does not directly lead to contact with the yellow region before hitting the red object. *   **Scene B**: Similar to Scene A; the green object seems headed straight for the yellow region. The angle and speed suggest a collision course that could potentially cause the green object to bounce off towards the red object or the wall; but there's no clear indication of contact with the yellow region before this interaction occurs. *   **Scene C**: Here; the green object's trajectory is more direct towards the yellow region compared to Scenes A and B. Its speed and angle suggest a high likelihood of making contact with the yellow region without first colliding with the red object or wall. *   **Scene D**: The green object appears to be moving away from both the red object and the yellow region; suggesting it will not make contact with either before coming to rest.  ### Physical Reasoning Chain  1.  **Object Motion**: All objects move under gravity's influence. 2.  **Collision Dynamics**: Collisions occur based on velocity; direction; mass; etc.; without sticking or attachment. 3.  **Predictive Analysis**: Analyze the initial frames for direct trajectories towards the yellow region or indirect paths leading to such collisions.  ### Conclusion  Given the analysis above; Scene C presents the most straightforward path for the green object to make contact with the yellow region before any other interaction occurs; making it the scene with the highest likelihood of success.  **Final Result**: ""I predict that scene C will succeed."""
200,4,Containment Scene,True,D,C,4,3,No,41.77,True_pilot-containment-bowl-redyellow_0014_img.png,**Reasoning for Scene A**  In this initial frame; the green object is moving towards the red object. However; its trajectory does not seem to intersect with the yellow region. The red object appears to be stationary or moving away from the yellow area.  Given that there are no visible forces acting on either object to alter their trajectories and considering basic physics principles such as gravity and inertia; it's unlikely that the red object will make contact with the yellow region based solely on this initial setup.  **Reasoning for Scene B**  Here; the green object is also moving towards the red object but seems to be at a slightly different angle than in Scene A. This slight change could potentially allow the green object to intersect with the yellow area before it reaches the red object if its trajectory continues as expected.  However; without additional information or frames showing the progression of motion and potential interactions between objects; it's challenging to definitively predict contact with the yellow region based solely on this initial image. The angle of approach might suggest a higher likelihood than in Scene A but still does not guarantee contact due to lack of detailed trajectory data.  **Reasoning for Scene C**  In this scene; the green object appears more directly aligned towards the red object compared to Scenes A and B. Its trajectory seems poised to intersect with both the red object and potentially with the yellow region as it approaches the area where the red object is located.  Given the directness of its approach and assuming no significant alterations in velocity or direction based on unseen forces; there's a reasonable chance that the green object could make contact with either the red object or the yellow region. The closeness to both targets suggests an increased likelihood compared to the first two scenes but does not guarantee success without further motion data.  **Reasoning for Scene D**  Looking at this scene; the green object is positioned above and slightly ahead of the red object; suggesting it might intersect with the yellow area before reaching the red object if its current trajectory continues. This positioning implies a higher likelihood of contact with either the red object or the yellow region compared to the first three scenes due to its direct approach towards both targets.  However; similar to Scene C; without additional frames showing how these objects interact over time and under what conditions; it's difficult to conclusively state whether the green object will make contact with the yellow region. The setup does suggest a higher chance than seen in Scenes A and B but requires further analysis of motion dynamics for certainty.  **Final Result**  After analyzing all four scenes based on their initial setups and assuming no external influences that could alter these trajectories significantly; it's challenging to definitively select one scene as having the highest likelihood of success without additional data. However; considering the directness of approach in some scenes over others; Scene C presents a scenario where the green object is poised to intersect with both targets closely together; making its trajectory more conducive for potential contact with either or both objects.  Therefore; based on the initial setup and assuming no external factors alter their paths; **I predict that scene C will succeed**. This prediction hinges on the assumption that the trajectories observed in this initial frame remain consistent throughout any unseen motion dynamics; which is a simplification of complex physics involved in real-world interactions.
201,1,Containment Scene,True,A,C,4,1,No,43.79,True_pilot-containment-bowl-redyellow_0024_img.png,**Reasoning for Scene A**  * The red object is stationary at the top of a slope. * The green object; which is moving towards the right; has enough velocity to reach and pass the red object without any changes in direction or speed. * Since the red object does not move away from its initial position due to gravity or external forces; it will remain at the same spot as the green object moves past it. * As a result; the red object will not make contact with the yellow region.  **Reasoning for Scene B**  * The red object is moving downwards towards the yellow region. * The green object has enough velocity and trajectory to reach the red object's path but does not seem to be fast enough to catch up or collide with it. * Since both objects are affected by gravity; the red object will continue its descent at an accelerated rate. * However; due to the lack of sufficient closure between their trajectories; the red object will not make contact with the yellow region.  **Reasoning for Scene C**  * The red object is stationary on a flat surface close to the yellow region. * The green object has enough velocity and trajectory to potentially collide with the red object or at least get very close to it before changing direction due to friction or impact. * Given that both objects are free-moving according to physical laws; there's a high probability of interaction between them. * As the green object approaches the red object; they will likely make contact with each other and the yellow region as well.  **Reasoning for Scene D**  * The red object is moving upwards towards an inclined surface in front of it. * The green object has enough velocity to reach the red object's path but seems unlikely to catch up or collide with it due to its slower pace compared to the red object's upward motion. * Since both objects are affected by gravity; the red object will continue its ascent at a decelerating rate. * However; the lack of sufficient closure between their trajectories makes it improbable for the red object to make contact with the yellow region.  **Final Result**  I predict that scene C will succeed.
202,2,Containment Scene,True,C,C,4,4,Yes,30.92,True_pilot-containment-bowl-redyellow_0024_img.png,Reasoning:  **Scene A**  * The green object is moving towards the red object. * The red object is stationary; but its trajectory suggests it will not be able to avoid contact with the yellow region as it moves down and away from the starting position of the green object.  **Scene B**  * Similar to Scene A; the green object is again moving towards the red object. * However; in this scenario; the initial velocity of the green object appears slightly higher than in Scene A. * Given its increased speed; the green object will likely reach the red object before it has a chance to move away from the yellow region.  **Scene C**  * In contrast to Scenes A and B; the green object is now moving towards the yellow region rather than the red object. * The red object starts at a higher position than in previous scenes; which means it will have more time to move downwards before potentially colliding with the yellow region.  **Scene D**  * Here; the green object is once more approaching the red object; similar to Scenes A and B. * However; this scenario shares similarities with Scene C in terms of initial velocities and trajectories.  Final Result: I predict that scene C will succeed.
203,3,Containment Scene,True,D,A,4,1,No,37.41,True_pilot-containment-bowl-redyellow_0024_img.png,Reasoning:  **Scene A:**  * The green object is moving towards the red object. * The trajectory of the green object suggests it will pass close to the yellow region but not make contact with it. * The red object appears stationary; and its motion is not influenced by the approaching green object.  Conclusion for Scene A: The red object will not make contact with the yellow region in this scenario.  **Scene B:**  * The green object's trajectory indicates it may intersect or pass close to the yellow region. * The red object seems to be moving away from the yellow region; and its path does not suggest a collision with the yellow area. * However; the green object's velocity and direction are crucial in determining if it will make contact with the yellow region.  Conclusion for Scene B: The red object is unlikely to make contact with the yellow region based on the initial positions and velocities of both objects.  **Scene C:**  * The green object appears to be moving towards the red object; which is positioned near the yellow region. * Given the proximity of the red object to the yellow region and the trajectory of the green object; there's a high likelihood that the green object will make contact with the yellow region before reaching the red object. * The red object's position suggests it might not be directly involved in the collision with the yellow region but is rather an obstacle or bystander.  Conclusion for Scene C: The red object has a lower chance of making contact with the yellow region compared to the green object.  **Scene D:**  * The green object is moving towards the red object; which is positioned at a distance from the yellow region. * The trajectory of both objects suggests they will collide with each other before either could make contact with the yellow region. * Given the relative positions and velocities of the objects; it's unlikely that the red object will make contact with the yellow region in this scenario.  Conclusion for Scene D: The red object is not likely to make contact with the yellow region due to its collision with the green object first.  Final Result:  I predict that **Scene C** will succeed.
204,4,Containment Scene,True,B,D,4,3,No,40.40,True_pilot-containment-bowl-redyellow_0024_img.png,**Reasoning**  ### Scene A  * The green object is moving towards the red object. * The trajectory of the green object suggests it will pass by the red object without making contact. * The yellow region is not on a collision course with the red object.  **Conclusion** Scene A: No; the red object will not make contact with the yellow region.  ### Scene B  * The green object is moving towards the red object at an angle that suggests it might miss the red object. * However; due to gravity and the initial trajectory of both objects; there's a small chance the green object could touch the red object first before reaching the yellow region. * The yellow region appears to be on a collision course with the red object but is not directly in its path.  **Conclusion** Scene B: No; the red object will not make contact with the yellow region.  ### Scene C  * The green object has moved forward and is now closer to both the red object and the yellow region. * Its trajectory suggests it could potentially hit the yellow region before or after hitting the red object. * However; without clear evidence of a direct collision course with the yellow region over the red object; we cannot definitively say the red object will make contact.  **Conclusion** Scene C: No; the red object will not definitely make contact with the yellow region.  ### Scene D  * The green object is moving directly towards the red object and appears to be on a collision course. * Given its trajectory and speed relative to both the red object and the yellow region; it's likely that the green object will hit the red object first before potentially reaching the yellow region or hitting it after rebounding from the red object.  **Conclusion** Scene D: Yes; the red object is very likely to make contact with the yellow region through indirect impact via the green object.  **Final Result** I predict that scene D will succeed.
205,1,Containment Scene,True,C,A,4,3,No,33.55,True_pilot-containment-bowl-redyellow_0028_img.png,**Reasoning**  To determine which initial scene is most likely to result in the red object making contact with the yellow region; let's analyze each scene step by step.  *   **Scene A**: The green object is moving towards the red object. If it continues on its current trajectory; it will collide with the red object before reaching the yellow region. *   **Scene B**: Similar to Scene A; the green object is heading straight for the red object. Given their relative positions and velocities; they are likely to collide before the red object can reach the yellow region. *   **Scene C**: In this scenario; the green object appears to be moving away from both the red object and the yellow region. Its trajectory suggests that it will not intersect with either of these objects; making contact with the yellow region unlikely. *   **Scene D**: The green object is positioned between the red object and the yellow region but is also moving away from them. Like Scene C; its trajectory indicates that it will not make contact with the yellow region.  **Final Result**  Based on the analysis of each scene's dynamics and trajectories; I predict that **scene A** will succeed because the green object's direct path towards the red object sets up a collision course before reaching the yellow region.
206,2,Containment Scene,True,D,C,4,3,No,36.40,True_pilot-containment-bowl-redyellow_0028_img.png,Reasoning:  **Scene A Analysis**  1. The green object is moving towards the red object. 2. The yellow region appears to be a wall or barrier. 3. If the green object continues its trajectory; it may collide with the red object before reaching the yellow region.  **Scene B Analysis**  1. The red object has moved closer to the yellow region compared to Scene A. 2. The green object is still moving towards the red object but at a slower pace due to gravity or friction. 3. Given the reduced distance between the red object and the yellow region; it's likely that the red object will make contact with the yellow region before colliding with the green object.  **Scene C Analysis**  1. The red object is now positioned directly above the yellow region. 2. The green object has slowed down significantly due to gravity or friction from the surface it was initially on. 3. It's highly probable that the red object will make contact with the yellow region before colliding with the green object.  **Scene D Analysis**  1. The red object is still moving towards the yellow region but at a slower pace than in Scene A. 2. The green object has moved further away from both objects; reducing the likelihood of a collision between them. 3. Given the reduced velocity and distance between the red object and the yellow region; it's less likely that the red object will make contact with the yellow region compared to Scenes B and C.  Final Result: I predict that scene C will succeed.
207,3,Containment Scene,True,B,C,4,1,No,40.40,True_pilot-containment-bowl-redyellow_0028_img.png,**Step 1: Analyze Scene A**  In Scene A; the green object is moving towards the red object at an angle. The yellow region is directly below the red object. Given the trajectory of the green object and its position relative to the red object; it seems unlikely that the red object will make contact with the yellow region.  **Step 2: Analyze Scene B**  In Scene B; the green object is moving towards the red object in a straight line. The yellow region is positioned between the green and red objects. However; based on the trajectory of the green object and its distance from the yellow region; it appears that the red object will likely pass above the yellow region without making contact.  **Step 3: Analyze Scene C**  In Scene C; the green object is moving towards the red object but at a slower pace compared to Scenes A and B. The yellow region is positioned below the red object; which suggests that if the green object continues its current trajectory; it may collide with the yellow region.  **Step 4: Analyze Scene D**  In Scene D; the green object is moving towards the red object but at an angle. The yellow region is directly to the side of the red object's path. Given this trajectory and the distance between the objects; it seems unlikely that the red object will make contact with the yellow region.  **Conclusion:**  Based on the physical reasoning and visual content of each scene; **I predict that Scene C will succeed**; as the green object is moving towards the red object without an obstacle in its path to the yellow region.
208,4,Containment Scene,True,A,A,4,4,Yes,46.62,True_pilot-containment-bowl-redyellow_0028_img.png,**Reasoning for Scene A**  In this scenario; the green object is moving towards the red object. Given its direction and trajectory; it's likely that the green object will continue to move towards the red object. Since there are no other objects or obstacles in the way; the red object will also maintain its current path.  The yellow region appears to be stationary and does not have any influence on the motion of the objects. As a result; the red object will continue to move downwards due to gravity until it reaches the floor or another surface that is not visible in this frame.  Since both objects are moving independently without any external forces acting upon them; they will maintain their respective trajectories. The green object's collision with the red object would cause both objects to change direction and potentially come into contact with the yellow region. However; without additional information about the impact or further motion of the objects after the collision; it is difficult to predict whether the red object will make contact with the yellow region.  Given these factors; my initial assessment suggests that there is a possibility for the red object to make contact with the yellow region in this scene; but it depends on various factors such as the exact trajectory and velocity of the objects after the collision.  **Reasoning for Scene B**  In this scenario; the green object has already collided with the red object. As a result of the collision; both objects have changed direction and are now moving away from each other.  The yellow region remains stationary and does not interfere with the motion of the objects. Since both objects were moving downwards initially but then changed direction due to the collision; they will continue on their new trajectories.  It is unlikely that the red object will make contact with the yellow region in this scenario because it has already moved away from its original path. The collision between the two objects altered their motion vectors; making it less probable for them to collide again with the yellow region.  **Reasoning for Scene C**  In this scenario; both the green and red objects are moving towards each other. The green object is positioned above the red object; indicating that they will likely collide in the near future.  After the collision; both objects will change direction based on their mass; velocity; and angle of incidence. Given that there are no external forces acting upon them; they will continue to move according to Newton's laws of motion.  The yellow region is stationary and does not affect the motion of the objects. Therefore; it is possible for the red object to make contact with the yellow region after the collision; depending on how the objects bounce off each other and what their new trajectories are.  **Reasoning for Scene D**  In this scenario; both the green and red objects are moving away from each other. This could be due to an initial collision or some other force that caused them to change direction.  The yellow region remains stationary and does not influence the motion of the objects. Since both objects are now moving in opposite directions; it is unlikely for them to collide with the yellow region again.  However; without more information about their exact velocities and trajectories after the change in direction; it's challenging to predict whether or not the red object will make contact with the yellow region.  **Final Result**  Based on my analysis of each scene; I predict that **Scene C** has the highest likelihood of success. In this scenario; both objects are moving towards each other; increasing their chances of colliding and potentially making contact with the yellow region after the collision.
209,1,Containment Scene,True,C,D,4,2,No,45.87,True_pilot-containment-multi-bowl-redyellow_0019_img.png,**Reasoning**  ### Scene Analysis  *   **Scene A**: The green object is moving towards the red object; which is stationary. The trajectory of the green object suggests it will collide with the red object first. *   **Scene B**: Similar to Scene A; the green object's path indicates it will hit the red object before reaching the yellow region. *   **Scene C**: In this scenario; the green object appears to be on a collision course with the yellow region. However; its trajectory does not suggest it will miss the red object completely; instead; it seems likely to collide with the red object first. *   **Scene D**: The green object's path in Scene D indicates that after possibly colliding with or missing the red object; it is more directly headed towards the yellow region.  ### Physical Reasoning Chain  *   Objects move based on initial velocity and direction under the influence of gravity. *   Collisions occur based on relative velocities and masses at the point of impact. *   The question does not involve any external forces or modifications to the objects' motion beyond their inherent physical properties and interactions.  ### Conclusion  Based on the analysis; Scene D has the highest likelihood of success because the green object's trajectory directly points towards the yellow region without an initial collision with the red object. This scenario maximizes the chances for the red object to make contact with the yellow region as the green object does not intervene in this sequence.  **Final Result**: I predict that scene D will succeed.
210,2,Containment Scene,True,B,D,4,1,No,33.28,True_pilot-containment-multi-bowl-redyellow_0019_img.png,Reasoning:  Scene A: The green object is moving towards the red object; and since there are no other obstacles in its path; it will likely collide with the red object. However; the trajectory of the collision does not suggest a direct impact with the yellow region.  Scene B: Similar to Scene A; the green object is heading towards the red object. Given their initial positions; it's probable that they will collide. Nevertheless; based on the visual cues; the red object seems to be moving in such a way that it won't directly hit the yellow region.  Scene C: In this scenario; the green object is positioned below the red object and appears to have an upward trajectory. If its velocity remains constant or decreases slightly due to air resistance; it might not reach the height required to touch the yellow region.  Scene D: The green object is situated below the red object but seems to be moving at a steeper angle than in Scene C. Its velocity could potentially carry it over the top of the red object and into contact with the yellow region.  Final Result: I predict that scene D will succeed.
211,3,Containment Scene,True,D,D,4,4,Yes,42.61,True_pilot-containment-multi-bowl-redyellow_0019_img.png,Reasoning:  **Scene A**  * The green object is moving towards the red object. * The red object is at rest on a flat surface. * There is no other force acting on the red object to move it away from its current position. * Given that there are no obstacles or forces pushing the red object in any direction; and considering gravity's effect; which would pull the red object down but not horizontally; it is likely to remain stationary. * The trajectory of the green object suggests a collision with the red object at some point; but without additional information about the velocity and mass of the objects; we cannot accurately predict the exact outcome. * However; based on the initial setup; it seems plausible that the green object could push or roll the red object slightly; potentially leading to contact with the yellow region if the red object is moved sufficiently.  **Scene B**  * Similar to Scene A; the red object appears stationary on a flat surface. * The green object is approaching from a different angle compared to Scene A but still at a moderate speed and without visible obstacles in its path. * Given that there's no indication of any force pushing the red object off the surface or altering its position significantly; it seems likely that the collision between the green object and the red object will occur as per initial analysis. * The trajectory suggests a possible roll or push effect on the red object; which could lead to contact with the yellow region depending on how far the red object is displaced.  **Scene C**  * This scene shows a different angle and perspective compared to Scenes A and B but does not provide new information about the dynamics of the objects. * The green object's approach remains similar; suggesting it will likely collide with the red object based on previous analyses. * Without specific details on the velocity or mass of the objects; predicting the exact outcome is challenging. However; given the initial setup and assuming standard physics principles apply; a collision followed by possible displacement is plausible.  **Scene D**  * This scene presents a different configuration where the green object appears to be at an angle relative to both the red object and the yellow region. * The red object seems positioned closer to the yellow region compared to Scenes A-C; suggesting it might have a higher chance of coming into contact with this area due to its proximity. * However; without explicit details on the velocity or mass of the objects; predicting whether the collision will lead to contact with the yellow region is speculative. Assuming standard physics principles apply and considering the initial setup; there's a plausible scenario where the red object is pushed towards the yellow region.  Final Result: I predict that scene D will succeed.
212,4,Containment Scene,True,A,D,4,3,No,35.91,True_pilot-containment-multi-bowl-redyellow_0019_img.png,**Reasoning:**  To determine which initial scene is most likely to result in the red object making contact with the yellow region; we need to analyze each scene step by step.  Scene A: The green object is moving towards the red object at an angle. The red object appears to be stationary or moving slowly compared to the green object. Since there are no other objects in the way and gravity is not affecting their movement; it's likely that the green object will collide with the red object first. After the collision; both objects will continue their motion. Given the trajectory of the green object and assuming no significant change in velocity or direction after the collision; the red object may then move towards the yellow region.  Scene B: Similar to Scene A; the green object is moving towards the red object at an angle. However; the red object seems to be moving slightly faster than in Scene A but still slower than the green object. The trajectory of the green object suggests it will collide with the red object first. After this collision; both objects might change direction due to the conservation of momentum or other factors not explicitly mentioned. Without more information on how these objects interact post-collision; predicting their exact paths is challenging.  Scene C: In this scene; the green object appears to be moving directly towards the yellow region rather than the red object. The red object seems stationary or moving very slowly compared to the green object. Since there are no obstacles in the way and gravity does not seem to affect their movement; it's probable that the green object will make contact with the yellow region before it could potentially interact with the red object.  Scene D: The setup in Scene D is similar to Scenes A and B; with the green object moving towards the red object at an angle. However; the red object appears to be moving faster than in Scenes A and B but still slower than the green object. Given the initial trajectories and assuming no significant changes post-collision; it's possible that the red object could end up near or touching the yellow region after colliding with the green object.  **Final Result:** I predict that scene D will succeed.
213,1,Containment Scene,True,D,D,4,4,Yes,37.07,True_pilot-containment-cylinder-bowl-redyellow_0010_img.png,Reasoning:  Scene A: The green object is moving towards the red object; but its trajectory does not seem to be aligned with the yellow region. The red object appears to be stationary or moving slowly; making it unlikely to reach the yellow region before the green object passes by.  Final Result: Scene A will not succeed.  Scene B: Similar to Scene A; the green object is still moving towards the red object but does not seem to be on a collision course with the yellow region. However; this scene might have a slightly higher chance of success due to the potential for a glancing blow or slight deviation in trajectory that could result in contact.  Final Result: Scene B will not succeed.  Scene C: In this scenario; the green object has already passed the red object and is now moving away from it. The red object's path does not seem to intersect with the yellow region; making it unlikely to make contact.  Final Result: Scene C will not succeed.  Scene D: This scene shows the green object just about to pass the red object. Given the trajectory of both objects and their relative speeds; there is a high likelihood that the red object will collide with the yellow region as the green object passes by.  Final Result: I predict that scene D will succeed.  **Answer:** Scene D
214,2,Containment Scene,True,B,A,4,1,No,31.87,True_pilot-containment-cylinder-bowl-redyellow_0010_img.png,Reasoning: Scene A is the most likely to result in the red object making contact with the yellow region. Here's a step-by-step analysis:  1. The green object is moving towards the red object; which means it has an initial velocity component perpendicular to its motion. 2. As the green object approaches the red object; both objects will start moving downward due to gravity; which will cause them to collide and potentially make contact with each other. 3. Since there is no stickiness between objects; they can only interact through collisions based on their velocities; directions; masses; etc. 4. Given that the green object has an initial velocity component perpendicular to its motion; it's likely to maintain some horizontal velocity even after collision with the red object. 5. As a result; both objects will continue moving downward and horizontally; increasing the likelihood of them making contact with the yellow region.  Final Result: I predict that scene A will succeed.
215,3,Containment Scene,True,C,D,4,3,No,30.35,True_pilot-containment-cylinder-bowl-redyellow_0010_img.png,**Reasoning**  To determine which initial scene is most likely to result in the red object making contact with the yellow region; we need to analyze each scene step by step.  *   Scene A:     *   The green object is moving toward the red object.     *   The red object appears to be stationary or moving slowly compared to the green object.     *   Based on the trajectory of both objects; it seems unlikely that the red object will make contact with the yellow region. *   Scene B:     *   The green object has already passed the red object and is moving away from it.     *   The red object is now in motion; but its velocity appears to be slower than the green object's initial speed.     *   Given the positions of both objects; it seems improbable that they will collide with the yellow region. *   Scene C:     *   The green object has maintained its trajectory and is about to pass by the red object.     *   However; due to the slight angle at which the green object is approaching the red object; there's a possibility of a collision with the yellow region if the green object continues on this path. *   Scene D:     *   The green object has changed direction and is now moving toward the red object.     *   Both objects are moving in such a way that they seem destined to collide with each other at some point; potentially resulting in contact with the yellow region.  **Final Result**  Considering all factors; I predict that scene D will succeed.
216,4,Containment Scene,True,A,A,4,4,Yes,30.30,True_pilot-containment-cylinder-bowl-redyellow_0010_img.png,**Reasoning**  For each scene; I'll analyze the motion of the green object and its potential impact on the trajectory of the red object.  *   **Scene A**: The green object is moving towards the red object. Given their initial positions and velocities; it's likely that the green object will collide with the red object before it reaches the yellow region. *   **Scene B**: Similar to Scene A; the green object appears to be on a collision course with the red object. However; its trajectory suggests that it might pass close to the yellow region without making contact. *   **Scene C**: In this scenario; the green object seems to be moving away from both the red object and the yellow region. This path is unlikely to result in contact between the red object and the yellow region. *   **Scene D**: The green object's trajectory suggests that it will pass near the yellow region without making contact with either the red object or the yellow area.  **Final Result**  Based on my analysis; I predict that scene A has the highest likelihood of success; as the green object is most likely to collide with the red object and alter its path towards the yellow region.
217,1,Containment Scene,True,B,A,4,3,No,32.37,True_pilot-containment-bowl-redyellow_0034_img.png,**Reasoning**  To determine which initial scene is most likely to result in the red object making contact with the yellow region; we need to analyze each scene step by step; focusing on the motion of the green object and the movement of the red object.  *   **Scene A:** The green object is moving towards the red object. Given its trajectory; it's unlikely that the red object will make contact with the yellow region first. *   **Scene B:** The green object has already passed the red object but is still in motion. Since there's no indication of the red object slowing down or changing direction to approach the yellow region; it seems less probable for the red object to make contact with the yellow region in this scenario. *   **Scene C:** In this scene; the green object appears to be moving directly towards the red object. However; upon closer inspection; it looks like the red object might have a slight trajectory that could potentially lead it towards the yellow region before colliding with the green object. *   **Scene D:** Similar to Scene A; the green object is still in motion and hasn't reached the red object yet. This scenario shares similarities with Scene A; making it less likely for the red object to make contact with the yellow region.  **Final Result**  Based on the analysis of each scene; I predict that **scene C** will succeed because the red object's trajectory seems more conducive to reaching the yellow region before colliding with the green object compared to the other scenes.
218,2,Containment Scene,True,D,C,4,2,No,27.92,True_pilot-containment-bowl-redyellow_0034_img.png,"**Step 1: Analyze Scene A**  In Scene A; the red object is at rest on a flat surface. The green object is moving towards it but appears to be slowing down due to friction with the floor.  * Reasoning: The red object is stationary and has no initial velocity or momentum. * Prediction: No  **Step 2: Analyze Scene B**  In Scene B; both objects are in motion. The green object is approaching the red object at an angle; while the red object moves horizontally away from it.  * Reasoning: Both objects have velocities that will cause them to miss each other due to their relative directions and speeds. * Prediction: No  **Step 3: Analyze Scene C**  In Scene C; both objects are moving towards each other. The green object is gaining speed as it falls down an inclined plane; while the red object moves horizontally.  * Reasoning: Despite being in different directions; their paths will intersect due to gravity's effect on the green object. * Prediction: Yes  **Step 4: Analyze Scene D**  In Scene D; the green object has already made contact with the yellow region. The red object is now moving towards this point but is slower than the green object.  * Reasoning: Given that contact has already been established by the green object and considering their relative speeds; it's likely the red object will make contact as well. * Prediction: Yes  **Conclusion**  After analyzing all scenes based on physical principles such as gravity; motion; and friction; I found two scenarios with a high likelihood of success. However; one stands out due to its unique setup that combines initial velocities and gravitational forces in favor of collision:  Final Result: ""I predict that scene C will succeed."""
219,3,Containment Scene,True,A,D,4,1,No,37.27,True_pilot-containment-bowl-redyellow_0034_img.png,Reasoning:  Scene A: * The green object is moving towards the red object. * The yellow region is on a horizontal surface below the red object's initial position. * Assuming no external forces acting on the objects; the red object will fall due to gravity and move downwards. * As it falls; its trajectory will be influenced by any air resistance or drag; but for simplicity; let's assume negligible effects. * The green object; having a different mass; velocity; and possibly orientation; will also follow a curved path under gravity. * Since the yellow region is stationary and not moving towards or away from either object; the outcome depends on their relative motion and the collision dynamics.  Based on visual inspection alone without considering complex physics simulations:  * The red object appears to be in an upward trajectory; and if its velocity is sufficient; it might land above the yellow region. * However; without precise data on initial velocities or angles of impact; predicting exactly what will happen is challenging. Yet; given typical assumptions about such scenarios (e.g.; neglecting air resistance for simplicity); one might lean towards a scenario where objects collide in mid-air if their paths intersect.  Scene B: * The setup here seems to suggest a more direct collision course between the red and green objects. * Both are falling under gravity but appear closer together than in Scene A; suggesting a higher likelihood of contact before they reach the yellow region on the ground. * Without specific details on their masses or initial velocities; it's difficult to model precisely how they'll interact. However; visually; this setup appears more conducive to a collision between the two objects.  Scene C: * In this scenario; both objects seem to be following trajectories that would allow them to pass each other by if their paths remain unchanged. * The red object is slightly ahead and appears to be moving faster than the green object based on its position relative to the background. This could lead to a situation where they do not collide before reaching the yellow region.  Scene D: * Here; both objects are positioned very close together at the start of their trajectories. * Given their proximity and assuming similar initial conditions (velocities; directions); it's plausible that these two objects will collide with each other before either could reach the yellow region on the ground. * The closeness of their starting positions increases the likelihood of a collision occurring mid-air.  Final Result: I predict that scene D will succeed.
220,4,Containment Scene,True,C,D,4,1,No,36.81,True_pilot-containment-bowl-redyellow_0034_img.png,"**Step 1: Analyze Scene A**  *   The green object is moving towards the red object. *   The red object appears to be stationary or moving very slowly compared to the green object. *   Based on this initial setup; it seems likely that the green object will collide with the red object before reaching the yellow region.  **Step 2: Analyze Scene B**  *   In this scene; both objects are moving towards each other but at different speeds and directions. *   The trajectory of the green object suggests it may not directly hit the red object but could potentially pass by or bounce off. *   However; considering the initial setup; there's a high chance that the green object will make contact with the yellow region after interacting with the red object.  **Step 3: Analyze Scene C**  *   Here; both objects are moving away from each other. *   Given their opposite directions and no visible obstacles or barriers between them; it seems unlikely for either object to collide with the yellow region before they move far apart.  **Step 4: Analyze Scene D**  *   In this scenario; the green object is clearly heading towards the red object at a considerable speed. *   The trajectory suggests that there's a high likelihood of collision between the two objects. *   After the collision; depending on their masses and velocities; one or both might end up moving in such a way as to make contact with the yellow region.  **Conclusion:**  Based on these physical analyses; each scene has its unique dynamics. However; considering the initial setup and trajectories of the objects:  Final Result: ""I predict that scene D will succeed."""
221,1,Containment Scene,True,D,A,4,1,No,36.58,True_pilot-containment-cone-plate-redyellow_0000_img.png,Reasoning: In Scene A; the red object is initially stationary at the top of a circular motion path. The green object starts moving towards it but does not have enough horizontal velocity to reach the yellow region before the red object descends down its circular path and moves away from the potential collision point.  Since the red object's trajectory takes it away from the yellow region; it is unlikely that they will make contact in this scenario.  Final Result: I predict that scene A will succeed.  Reasoning: In Scene B; both objects are initially stationary but start moving at different times. The green object moves towards the right while the red object starts to move downwards on its circular path. Although the green object gains some horizontal velocity; it does not have enough time or acceleration to reach the yellow region before the red object passes by.  The trajectory of the red object takes it away from the potential collision point with the yellow region; making contact unlikely in this scenario.  Final Result: I predict that scene B will succeed.  Reasoning: In Scene C; both objects start moving simultaneously. The green object moves towards the right while the red object starts its circular motion downwards. Initially; the green object gains some horizontal velocity but eventually slows down as it approaches the yellow region.  However; due to its initial slow acceleration and lack of sufficient horizontal velocity; the green object does not have enough time or speed to reach the yellow region before the red object passes by on its way down.  The trajectory of the red object takes it away from the potential collision point with the yellow region; making contact unlikely in this scenario.  Final Result: I predict that scene C will succeed.  Reasoning: In Scene D; both objects start moving simultaneously. The green object moves towards the right while the red object starts its circular motion downwards. Initially; the green object gains some horizontal velocity but eventually slows down as it approaches the yellow region.  However; due to its initial slow acceleration and lack of sufficient horizontal velocity; the green object does not have enough time or speed to reach the yellow region before the red object passes by on its way down.  The trajectory of the red object takes it away from the potential collision point with the yellow region; making contact unlikely in this scenario.  Final Result: I predict that scene D will succeed.  Based on the analysis above; all scenarios have a low likelihood of resulting in the red object making contact with the yellow region. However; considering the initial conditions and trajectories; Scene A appears to have the highest chance of success due to the green object's slower approach towards the yellow region compared to the other scenarios.  Final Result: I predict that scene A will succeed.
222,2,Containment Scene,True,C,A,4,2,No,29.54,True_pilot-containment-cone-plate-redyellow_0000_img.png,**Reasoning for Scene A**  *   The green object is moving toward the red object. *   Assuming the green object maintains its current velocity and direction; it will continue to move towards the red object. *   Since there are no obstacles in the way; the red object will likely be pushed by the green object; causing it to change its trajectory. *   As a result; the red object may eventually make contact with the yellow region.  **Reasoning for Scene B**  *   The green object is moving away from the red object. *   Since there are no obstacles in the way; the green object will continue to move away from the red object. *   The red object will likely remain stationary or move slightly due to gravity; but it will not be affected by the green object's motion. *   Therefore; the red object is unlikely to make contact with the yellow region.  **Reasoning for Scene C**  *   The green object is moving toward the red object at an angle. *   Assuming the green object maintains its current velocity and direction; it will continue to move towards the red object; but at a slight angle. *   As a result; the red object may be pushed by the green object; causing it to change its trajectory. *   The red object may eventually make contact with the yellow region.  **Reasoning for Scene D**  *   The green object is moving away from the red object at an angle. *   Assuming the green object maintains its current velocity and direction; it will continue to move away from the red object; but at a slight angle. *   As a result; the red object may be pushed by the green object; causing it to change its trajectory. *   However; since the green object is moving away; the red object is unlikely to make contact with the yellow region.  **Final Result**  I predict that scene A will succeed.
223,3,Containment Scene,True,A,B,4,2,No,37.94,True_pilot-containment-cone-plate-redyellow_0000_img.png,**Reasoning**  Scene A:  * The green object is moving towards the red object. * The red object is stationary; and its motion is determined by the force exerted on it by the green object upon contact. * Assuming a collision occurs; the red object will be deflected and may change direction. * Without more information about the forces involved or the specific trajectory of the objects after contact; it's challenging to predict with certainty whether the red object will make contact with the yellow region.  Scene B:  * The green object is moving towards the red object at an angle. * If the collision occurs directly; the red object may not be deflected enough to reach the yellow region. * However; considering potential deviations in trajectory due to the force of impact and any subsequent bounces or rolls; there's a possibility for indirect contact with the yellow area.  Scene C:  * The green object is moving towards the red object head-on. * This collision will likely result in a significant deflection of both objects. * Given the initial positions and trajectories; it seems less probable that the red object would end up contacting the yellow region due to the direct nature of the collision and the resulting change in motion.  Scene D:  * The green object is moving towards the red object from an oblique angle. * Similar to Scene B; there's a chance for indirect contact with the yellow area depending on how both objects deflect after impact. * However; without precise calculation of the post-collision trajectories; predicting direct contact with the yellow region remains speculative.  **Final Result**  Based on the initial analysis; I predict that scene B will succeed.
224,4,Containment Scene,True,B,A,4,3,No,38.10,True_pilot-containment-cone-plate-redyellow_0000_img.png,**Reasoning**  To determine which initial scene is most likely to result in the red object making contact with the yellow region; we need to analyze each scene step by step.  Scene A:  *   The green object is moving towards the red object. *   The trajectory of the green object suggests that it will continue to move downwards and eventually collide with the red object. *   Since there is no stickiness between objects; they will not attach to each other. However; due to their mass and velocity; they may bounce off each other or change direction slightly upon collision. *   The red object's trajectory appears to be influenced by gravity; causing it to move downwards at a slower rate than the green object. *   As the green object approaches the red object; both objects will continue to accelerate due to gravity until they collide. *   Given their trajectories and velocities; there is a high likelihood that the red object will make contact with the yellow region after colliding with the green object.  Scene B:  *   The green object has already collided with the red object but appears to have bounced off in a different direction. *   This collision resulted in both objects changing direction due to their mass and velocity. *   The red object; having lost some momentum from the collision; is now moving towards the yellow region at a slower rate than before. *   Despite its reduced speed; the red object still has enough momentum to potentially make contact with the yellow region if it continues on its current trajectory. *   However; considering the objects' new velocities and directions after the collision; there's a lower chance of the red object making direct contact with the yellow region compared to Scene A.  Scene C:  *   The green object is moving towards the red object but appears to be at a slower pace than in Scene A. *   This slower velocity means that the green object will likely collide with the red object closer to the bottom of its trajectory; potentially resulting in a more glancing blow rather than a direct impact. *   As a result; the red object may not have enough momentum or velocity to make contact with the yellow region after colliding with the green object. *   The reduced likelihood of a successful outcome compared to Scene A suggests that this scene is less favorable for the red object making contact with the yellow region.  Scene D:  *   The green object has already collided with the red object but appears to have bounced off in a different direction; similar to Scene B. *   However; unlike Scene B; the red object does not seem to be moving towards the yellow region after the collision. Instead; it seems to be maintaining its original trajectory or possibly even reversing direction slightly due to the force of the collision. *   Given this change in direction and reduced momentum from the collision; there's a lower chance of the red object making contact with the yellow region compared to Scene A.  **Final Result**  Based on the analysis above; I predict that **Scene A** will succeed.
225,1,Containment Scene,True,D,D,4,4,Yes,43.56,True_pilot-containment-box-redyellow_0008_img.png,Reasoning:  **Scene A:**  *   The green object is moving towards the red object. *   The yellow region is positioned on the right side of the image; far from both objects' initial positions. *   Given the green object's trajectory and the lack of any apparent force or obstacle blocking its path to the left; it will likely continue moving in that direction. *   Without any significant forces acting upon the red object; it remains stationary at the starting point. *   As the green object approaches the red object on the right side; there is no direct collision course with the yellow region. The trajectory of both objects suggests they are not heading towards each other.  **Conclusion for Scene A:** No  **Scene B:**  *   The green object continues its motion towards the red object. *   The red object remains stationary due to no apparent forces acting upon it. *   The yellow region is still positioned on the right side of the image; not directly involved in the collision course between the two moving objects. *   Given their trajectories and lack of significant external forces affecting them; both objects continue moving without changing direction towards each other.  **Conclusion for Scene B:** No  **Scene C:**  *   The green object maintains its trajectory towards the red object. *   The red object continues to be stationary due to no apparent forces acting upon it. *   The yellow region is positioned on the left side of the image; not directly involved in the collision course between the two moving objects. *   Similar to previous scenes; both objects move without changing direction; with no indication that they will collide with each other or the yellow region.  **Conclusion for Scene C:** No  **Scene D:**  *   The green object is now on a trajectory towards the yellow region; not directly heading towards the red object. *   The red object remains stationary due to no apparent forces acting upon it. *   Given the new trajectory of the green object towards the yellow region and assuming no significant external forces intervene; there's a high likelihood that the green object will make contact with or at least approach very close to the yellow region before potentially impacting the red object.  **Conclusion for Scene D:** Yes  Final Result: I predict that scene D will succeed.
226,2,Containment Scene,True,B,C,4,1,No,33.00,True_pilot-containment-box-redyellow_0008_img.png,Reasoning:  **Scene A**  * The green object is moving towards the red object. * The red object appears to be stationary or moving at a slower pace than the green object. * The trajectory of both objects suggests a collision course; but the exact outcome depends on their relative velocities and masses.  **Scene B**  * Similar to Scene A; the green object is approaching the red object. * However; in this scene; the red object seems to be moving away from the green object. * This could indicate that they will not collide or make contact with each other.  **Scene C**  * Here; both objects are moving towards each other. * The angle of incidence and the relative velocities suggest a potential collision between the two objects. * If they collide; it's likely that the red object will come into contact with the yellow region.  **Scene D**  * In this scene; the green object is still moving towards the red object; but the red object appears to be moving at an angle that might miss the yellow region altogether. * The trajectory of both objects does not directly suggest a collision or contact with the yellow area.  Final Result: I predict that scene C will succeed.
227,3,Containment Scene,True,C,A,4,3,No,32.86,True_pilot-containment-box-redyellow_0008_img.png,**Reasoning**  To determine which initial scene is most likely to result in the red object making contact with the yellow region; we need to analyze each scene step by step.  Scene A:  * The green object is moving towards the red object. * The red object appears to be stationary or slightly moving away from the green object. * There are no visible obstacles between the green and red objects that would prevent them from colliding with each other. * Based on the motion of the green object; it seems likely that it will collide with the red object.  Scene B:  * The green object is also moving towards the red object. * However; the red object appears to be moving away from the green object at a faster rate than in Scene A. * This could potentially prevent the collision between the two objects. * Without more information about the velocity and acceleration of each object; it's difficult to say for certain whether they will collide.  Scene C:  * The green object is still moving towards the red object. * However; there appears to be a significant amount of space between the two objects before they reach the yellow region. * Given the current velocities and positions of the objects; it seems unlikely that they will collide with each other before reaching the yellow region.  Scene D:  * The green object is not moving towards the red object in this scene; instead; it appears to be moving away from the red object. * As a result; there is no indication that the two objects will collide with each other. * This scenario seems the least likely to result in a collision between the red and green objects.  **Final Result**  Based on my analysis of each scene; I predict that **Scene A** will succeed. The green object's motion towards the red object; combined with the lack of visible obstacles or significant velocity differences between the two objects; makes it the most likely scenario for a collision to occur.
228,4,Containment Scene,True,A,C,4,1,No,41.51,True_pilot-containment-box-redyellow_0008_img.png,**Reasoning**  To determine which initial scene is most likely to result in the red object making contact with the yellow region; we need to analyze each scene step by step.  Scene A: * The green object appears to be moving towards the red object. * The trajectory of the green object suggests that it will pass close to the yellow region. * However; its velocity and direction indicate that it may not have enough momentum to make contact with the yellow region. * There is a possibility that the green object could change direction or slow down before reaching the yellow region.  Scene B: * In this scene; the green object seems to be moving more slowly than in Scene A. * Its trajectory suggests that it will likely pass behind the red object without making contact with the yellow region. * The lack of momentum and the slow movement indicate a lower likelihood of success for this scenario.  Scene C: * This scene shows the green object at a higher altitude than Scenes A and B. * Its velocity appears to be greater; suggesting that it will have more momentum when reaching the area around the red object and the yellow region. * The trajectory indicates a high chance of making contact with either the red object or the yellow region.  Scene D: * In this scene; the green object's movement pattern resembles that of Scene A but with slightly different velocities and directions. * Its path suggests it may have enough momentum to make contact with the yellow region. * However; there is still a possibility that the object could change direction or slow down before reaching its target.  **Final Result**  Based on the analysis; I predict that scene C will succeed. The green object's increased velocity and trajectory suggest a higher likelihood of making contact with either the red object or the yellow region compared to the other scenes.
229,1,Containment Scene,True,C,B,4,1,No,34.85,True_pilot-containment-multi-bowl-redyellow_0009_img.png,"To determine which initial scene is most likely to result in the red object making contact with the yellow region; we need to analyze each scene step by step based on physical reasoning and visual content.  **Scene A Analysis**  * The green object is moving towards the red object. * The red object has an upward trajectory due to its initial position being lower than the green object. * As the green object moves forward; it will continue to increase in velocity until it reaches a point where gravity takes over and slows down the motion of both objects.  **Scene B Analysis**  * Similar to Scene A; the green object is moving towards the red object. * The red object has an upward trajectory due to its initial position being lower than the green object. * However; since the green object starts closer to the yellow region than in Scene A; it will likely collide with the yellow region before reaching the red object.  **Scene C Analysis**  * In this scene; the green object is moving towards the red object but does not have enough initial velocity to reach the red object's height. * Instead; the green object will pass under the red object without making contact with either the red object or the yellow region.  **Scene D Analysis**  * The green object starts at a higher point than in Scenes A and B; resulting in less vertical displacement compared to horizontal movement. * This means that as it moves towards the red object; its trajectory is more horizontal than vertical. * Given its initial position relative to the red object and the yellow region; there's insufficient momentum for the green object to reach either the red object or the yellow region.  **Conclusion**  Based on the analysis of each scene:  * Scene B has a higher likelihood of success because the green object starts closer to the yellow region than in Scenes A and D. * The initial positions and velocities of the objects make it more probable for the green object to collide with the yellow region before reaching or passing by the red object.  Final Result: ""I predict that scene B will succeed."""
230,2,Containment Scene,True,B,C,4,3,No,38.76,True_pilot-containment-multi-bowl-redyellow_0009_img.png,"**Reasoning**  To determine which initial scene is most likely to result in the red object making contact with the yellow region; we need to analyze each scene step by step.  Scene A:  * The green object is moving towards the red object. * The trajectory of the green object suggests it will pass close to the yellow region but not directly hit it. * The red object's initial velocity and direction indicate it may move away from the yellow region as the green object approaches.  Scene B:  * The green object has just started its motion and is still far from both the red object and the yellow region. * The trajectory of the green object suggests a collision with the red object; but it does not seem to be aimed at the yellow region initially. * The initial positions suggest that the red object may move away from the yellow region as the green object approaches.  Scene C:  * The green object is already moving towards the red object and appears to have a trajectory that will take it close to or potentially over the yellow region. * The distance between the red object and the yellow region suggests there is enough time for the objects to interact before the green object reaches its peak height. * Given the trajectory; it seems likely the green object could make contact with both the red object and potentially the yellow region.  Scene D:  * Similar to Scene A; the green object is moving towards the red object but does not appear to be directly aimed at the yellow region initially. * The initial positions suggest that the red object may move away from the yellow region as the green object approaches. * The trajectory of the green object suggests it will pass close to the yellow region but not directly hit it.  **Conclusion**  Based on these analyses; Scene C has the highest likelihood of success because:  * The green object is already moving towards both objects and appears to have a trajectory that could result in contact with both the red object and potentially the yellow region. * The initial positions suggest there is enough time for the objects to interact before the green object reaches its peak height.  Final Result: ""I predict that scene C will succeed."""
231,3,Containment Scene,True,D,B,4,1,No,34.98,True_pilot-containment-multi-bowl-redyellow_0009_img.png,**Reasoning for Scene A**  *   The green object is moving towards the red object. *   The yellow region is located below the red object's initial position. *   As the green object continues to move; it will eventually reach the same horizontal level as the red object due to gravity. *   When the green object reaches this level; its trajectory will intersect with that of the red object. *   Assuming no external forces alter their motion; a collision between the two objects is likely.  **Reasoning for Scene B**  *   The green object has already passed the horizontal level where it would intersect with the red object's path. *   Given the absence of any external force altering their trajectories; the red object will continue moving downward due to gravity until it reaches the yellow region. *   Since there are no obstacles or forces preventing the red object from reaching the yellow region; a collision is expected.  **Reasoning for Scene C**  *   The green object's initial trajectory does not intersect with that of the red object. *   Gravity will continue to pull both objects downward; but their paths remain separate. *   As there are no external forces or obstacles preventing them from doing so; neither object appears likely to make contact with the yellow region.  **Reasoning for Scene D**  *   The green object is moving towards the red object in a trajectory that intersects with it at some point due to gravity. *   There are no obstacles or forces altering their trajectories; suggesting they will continue on their current paths until they reach the ground. *   Given the initial setup and lack of external influences; both objects should eventually land near each other but not necessarily collide with the yellow region.  **Final Result**  I predict that scene B will succeed.
232,4,Containment Scene,True,A,D,4,1,No,39.85,True_pilot-containment-multi-bowl-redyellow_0009_img.png,**Reasoning**  Scene A: - The green object is moving towards the red object. - The red object is stationary. - If the trajectory of the green object does not change; it will collide with the red object first. - Since there's no stickiness between objects and all move freely according to physical laws; after colliding with the red object; the green object could rebound or continue moving in a direction that might lead it towards the yellow region. - However; without additional information about the green object's mass; velocity; or angle of incidence relative to the red object; predicting its exact trajectory post-collision is challenging. Still; based on the initial setup and assuming no significant deviation from expected motion paths due to collisions; there's a possibility the green object could eventually reach the yellow region.  Scene B: - The green object has moved closer to the red object. - Its velocity seems slightly reduced compared to Scene A but still moving towards the red object. - Similar to Scene A; after possibly colliding with or passing by the red object; the trajectory of the green object will determine if it reaches the yellow region. - Given its proximity and continued movement direction; there's a higher likelihood than in Scene A that the green object could eventually make contact with the yellow region.  Scene C: - The green object is moving away from the red object. - Its velocity appears lower compared to Scenes A and B; suggesting it might not collide with the red object or may pass by without significant impact. - Without a collision or interaction with the red object; the green object's trajectory remains unchanged towards the yellow region. - Given its distance and reduced velocity; it seems less likely for the green object to make contact with the yellow region compared to Scenes A and B.  Scene D: - The green object is moving directly towards the yellow region. - It does not have a collision course with the red object based on its current trajectory. - Since there's no interaction with the red object; the green object will continue moving in a straight line; determined by initial velocity and gravity; until it either makes contact with the yellow region or changes direction due to another external influence (not shown). - Given its direct approach to the yellow region without any obstacles or interactions that could alter its path; this scene has the highest likelihood of success among all options.  **Final Result** I predict that scene D will succeed.
233,1,Containment Scene,True,C,B,4,3,No,40.17,True_pilot-containment-vase-redyellow_0018_img.png,Reasoning: Scene A: The green object is moving towards the red object; and based on their initial positions and velocities; it appears that they are on a collision course. However; the exact trajectory of both objects needs to be considered.  *   The green object's path seems more direct towards the red object. *   The red object's motion; while not directly observable; seems less influenced by external factors at this stage.  Considering these points; it is likely that the red object will make contact with the yellow region before or after colliding with the green object.  Scene B: In Scene B; the green object has already moved closer to the red object and appears to be on a trajectory to collide with it. The red object seems to have some initial momentum but not as much as the green object at this point in time.  *   The green object's motion is more pronounced towards the red object. *   The red object's movement might not be sufficient to prevent collision; especially considering the green object's velocity and the potential for a direct impact.  Given these observations; it seems probable that the red object will make contact with the yellow region after colliding with the green object or as part of the same event.  Scene C: In Scene C; both objects appear to be moving away from each other. The green object has already passed its closest point of approach to the red object and is now on a trajectory that does not suggest an imminent collision with the yellow region.  *   The green object's velocity and direction indicate it will pass by without colliding. *   The red object seems less affected by external forces at this moment; suggesting it might continue in its current path without intercepting the yellow region directly.  Based on these observations; it appears unlikely that the red object will make contact with the yellow region.  Scene D: In Scene D; both objects seem to be moving away from each other; but their trajectories suggest they are not on a collision course. The green object has already moved past its closest approach and is now heading towards an area where the red object's path does not intersect with the yellow region.  *   Both objects' motions indicate they will pass by without impacting each other or the yellow region. *   There are no visible external forces that would alter their trajectories to cause a collision with the yellow region.  Considering these factors; it seems improbable that the red object will make contact with the yellow region in this scenario.  Final Result: I predict that scene B will succeed.
234,2,Containment Scene,True,D,A,4,2,No,31.88,True_pilot-containment-vase-redyellow_0018_img.png,Reasoning:  Scene A: * The green object is moving towards the red object. * The red object is stationary and has a higher mass than the green object. * Assuming both objects have equal velocities; the red object's larger size will cause it to maintain its velocity longer due to its greater momentum. * As the green object approaches; it will eventually collide with the red object. * After the collision; based on Newton's third law of motion; the red object will transfer some of its momentum to the green object and start moving in the direction opposite to the green object. * The green object's velocity will be reduced due to the collision; causing it to slow down and eventually come to rest near the yellow region. * As the green object decelerates; the red object will continue its motion; potentially making contact with the yellow region before coming to a complete stop.  Scene B: * Similar dynamics as Scene A; however; the green object has a slightly higher velocity than in Scene A due to its initial position closer to the yellow region. * This increased velocity allows the green object to reach the red object more quickly and potentially transfer more momentum during the collision. * Despite this; the same principles apply: after the collision; both objects will exchange momentum; leading to the green object slowing down near the yellow region while the red object continues its motion.  Scene C: * The green object has a lower initial velocity than in Scenes A and B due to its position farther away from the yellow region. * As it approaches the red object; it gains more kinetic energy; but this is countered by the red object's larger mass; which absorbs some of the impact. * The collision dynamics are similar to those in Scenes A and B; with both objects exchanging momentum and altering their velocities.  Scene D: * This scene has a unique setup due to the presence of an invisible force or acceleration that pushes all objects towards the right side of the image. * The red object is initially at rest but will be accelerated by this external force. * As it gains velocity; it approaches the yellow region while the green object moves in the opposite direction. * However; since both objects are subject to the same acceleration due to an invisible force; they will maintain their relative positions and velocities.  Final Result: I predict that scene A will succeed.
235,3,Containment Scene,True,B,D,4,1,No,32.77,True_pilot-containment-vase-redyellow_0018_img.png,**Reasoning**  Scene A: - The green object is moving towards the red object. - The trajectory of the green object suggests a collision course with the red object. - Given the initial positions and velocities; it's likely the red object will be displaced by the impact or remain stationary while the green object passes through its space.  Scene B: - Similar to Scene A; but with a more pronounced angle between the green and red objects' trajectories. - The green object is still on course to collide with the red object. - However; due to the altered path; there's less likelihood of a direct impact that would cause the red object to move towards or into contact with the yellow region.  Scene C: - In this scenario; both objects are moving in a direction that does not align directly with each other's paths. - The trajectory of the green object suggests it will miss the red object entirely without causing any significant displacement. - Thus; there's minimal chance for the red object to make contact with the yellow region based on their initial motions.  Scene D: - Here; both objects are moving towards each other in a manner that could potentially cause the red object to be displaced. - The trajectory of the green object indicates it might impact the side or rear of the red object rather than directly hitting it from the front. - This implies there's a possibility for the red object to move towards or into contact with the yellow region; depending on factors like mass distribution and point of impact.  **Final Result** I predict that scene D will succeed.
236,4,Containment Scene,True,A,C,4,2,No,30.91,True_pilot-containment-vase-redyellow_0018_img.png,**Reasoning**  Scene A: * The green object is moving towards the red object. * The yellow region is positioned at a distance from both objects. * Given the initial positions and velocities of the objects; it's likely that the green object will continue to move in a straight line until it collides with the red object. * This collision will cause the red object to change direction due to the force exerted by the green object.  Scene B: * The green object is moving towards the yellow region. * The red object is stationary and not directly involved in the initial interaction between the green object and the yellow region. * Since there's no clear indication of a collision between the green object and the red object; it's unlikely that the red object will make contact with the yellow region.  Scene C: * The green object has already collided with the red object and is now moving away from it. * The force exerted by the green object during the collision will propel the red object in a new direction. * Given this new trajectory; it's possible that the red object may eventually make contact with the yellow region.  Scene D: * The green object has collided with the yellow region and is now moving away from it. * There's no indication of a direct interaction between the green object and the red object. * Therefore; it's unlikely that the red object will make contact with the yellow region.  **Final Result**  I predict that scene C will succeed.
237,1,Containment Scene,True,B,A,4,3,No,36.84,True_pilot-containment-box-redyellow_0023_img.png,**Reasoning**  To determine which initial scene is most likely to result in the red object making contact with the yellow region; we need to analyze each scene step by step.  *   **Scene A**: The green object is moving towards the red object. Since there are no obstacles or forces acting on the objects besides gravity and their own motion; it's likely that the green object will continue moving in a straight line until it collides with the red object. This collision could potentially send both objects flying upwards or sideways; depending on their masses and velocities at impact. *   **Scene B**: Similar to Scene A; the green object is approaching the red object. However; its trajectory appears slightly angled compared to Scene A. Assuming gravity's effect remains constant throughout these scenes (no air resistance mentioned); this angle could influence the direction of the collision or bounce if one occurs. *   **Scene C**: Here; the green object seems to have a more direct path towards the red object than in Scenes A and B. Given its linear trajectory under gravity; it's probable that this collision will be similar to those observed in the previous scenes; with both objects potentially bouncing off each other after impact. *   **Scene D**: In this scenario; the green object appears to have a shorter distance to cover before reaching the red object compared to Scenes A and C. Its trajectory might also suggest a slightly angled approach; which could affect how the collision plays out.  **Final Result**  Based on these observations; Scene B seems to offer the most straightforward path for the green object to collide with the red object due to its direct and linear trajectory towards the yellow region. Therefore; I predict that scene **B** will succeed.
238,2,Containment Scene,True,D,C,4,2,No,32.07,True_pilot-containment-box-redyellow_0023_img.png,Reasoning:  **Scene A Analysis**  * The green object is moving towards the red object. * The red object is stationary and not affected by gravity since it's on a flat surface. * There are no external forces acting on the red object; so its position remains unchanged. * Since the green object will collide with the red object based on their trajectories; it's likely that the red object will be displaced after the collision.  **Scene B Analysis**  * The green object is moving towards the yellow region at an angle. * The red object is stationary and not affected by gravity since it's on a flat surface. * There are no external forces acting on the red object; so its position remains unchanged. * However; since the green object will miss the red object but still maintain enough momentum to hit the yellow region; there's a high chance that the red object will be pushed towards or into the yellow region after the collision.  **Scene C Analysis**  * The green object is moving directly towards the red object. * The red object is stationary and not affected by gravity since it's on a flat surface. * There are no external forces acting on the red object; so its position remains unchanged. * Since the green object will collide with the red object head-on; it's almost certain that the red object will make contact with the yellow region after the collision.  **Scene D Analysis**  * The green object is moving away from both the red and yellow objects. * The red object is stationary and not affected by gravity since it's on a flat surface. * There are no external forces acting on the red object; so its position remains unchanged. * Since the green object will not collide with either object; there's little chance that the red object will make contact with the yellow region.  Final Result: I predict that scene C will succeed.
239,3,Containment Scene,True,C,C,4,4,Yes,35.07,True_pilot-containment-box-redyellow_0023_img.png,Reasoning:  Scene A: * The green object is moving towards the red object. * The red object has no visible force acting upon it; so its motion is due to gravity and possibly an initial velocity from the start of the scenario. * Without more information about the green object's mass; speed; or trajectory; we can't determine if it will collide with the yellow region. However; based on visual cues; it appears that the green object might not reach the red object before hitting the ground.  Scene B: * The green object is still moving towards the red object. * The red object's motion seems to be influenced by gravity and possibly an initial velocity from the start of the scenario. * Given the green object's trajectory; it looks like it will collide with the yellow region first. If the green object's mass or speed is sufficient; this collision might divert its path away from hitting the red object.  Scene C: * The green object is still moving towards the red object. * The red object has no visible force acting upon it; so its motion is due to gravity and possibly an initial velocity from the start of the scenario. * Based on visual cues; it appears that the green object will reach the yellow region before colliding with the red object. If the green object's mass or speed is sufficient; this collision might divert its path away from hitting the red object.  Scene D: * The green object is still moving towards the red object. * The red object has no visible force acting upon it; so its motion is due to gravity and possibly an initial velocity from the start of the scenario. * Given the green object's trajectory; it looks like it will collide with the yellow region first. If the green object's mass or speed is sufficient; this collision might divert its path away from hitting the red object.  Final Result: I predict that scene C will succeed.
240,4,Containment Scene,True,A,A,4,4,Yes,29.37,True_pilot-containment-box-redyellow_0023_img.png,Reasoning:  **Scene A:**  * The green object is moving towards the red object. * The red object is stationary; with no visible force acting upon it. * Gravity pulls both objects down; but since they are not attached and have no stickiness between them; their paths will not be affected by each other's presence yet. * As the green object continues to move in a straight line under gravity's influence; it will eventually collide with the red object due to its constant velocity without any external force altering its trajectory.  **Scene B:**  * The green object is moving towards the red object at an angle. * The red object remains stationary; with no visible force acting upon it. * Gravity affects both objects equally; but since they have no stickiness between them and are not attached; their paths remain unaffected by each other's presence yet. * Due to its angled trajectory and constant velocity under gravity; the green object will eventually miss the red object as it continues moving in a straight line.  **Scene C:**  * The green object is already in contact with the red object. * Both objects are being pulled down by gravity but remain stationary relative to each other due to their mutual attraction or collision. * Since they are already in contact; there's no way for the red object to move towards the yellow region without breaking this contact first.  **Scene D:**  * The green object is moving away from the red object. * The red object remains stationary; with no visible force acting upon it. * Gravity affects both objects equally; but since they have no stickiness between them and are not attached; their paths remain unaffected by each other's presence yet. * Due to its trajectory moving away from the red object under gravity; the green object will never come close enough to make contact with the yellow region.  Final Result: I predict that scene A will succeed.
241,1,Containment Scene,True,D,A,4,1,No,22.52,True_pilot-containment-bowl-redyellow_0003_img.png,**Reasoning for Scene A**  *   The green object is moving towards the red object in a straight line. *   The red object is stationary; and there are no other objects or forces affecting its movement. *   Given the initial positions and velocities of both objects; it can be inferred that they will collide at some point due to their direct trajectory towards each other.  **Final Result:** I predict that scene A will succeed.
242,2,Containment Scene,True,A,C,4,3,No,44.12,True_pilot-containment-bowl-redyellow_0003_img.png,**Reasoning**  To determine which initial scene is most likely to result in the red object making contact with the yellow region; we need to analyze each scene step by step.  Scene A:  *   The green object is moving towards the red object. *   The red object is stationary on a flat surface. *   Given that there are no external forces or obstacles affecting the motion of either object; and considering the principles of gravity and inertia; it can be inferred that:     *   The green object will continue to move in a straight line due to its initial velocity and lack of any opposing force.     *   Since both objects are subject to gravity; they will follow parabolic paths if launched from an initial height or thrown horizontally. However; since there's no indication of launch or throwing motion here; we'll assume horizontal movement only for simplicity.          Given these assumptions:         *   The green object; being in motion towards the red object; is likely to collide with it due to their relative velocities and masses (assuming equal mass for simplicity). This collision could result in either object bouncing off each other or sticking together if they have sufficient kinetic energy.         *   However; without specific details on the velocity of the green object or any surface properties that might influence its motion (like friction); we'll conservatively assume a collision based solely on their approach.  Scene B:  *   Similar to Scene A; but with the red object slightly elevated and closer to the yellow region. *   The green object is moving towards the red object at an angle that could potentially allow it to clear the yellow region without colliding with it or the red object itself. *   Given this setup:     *   If the green object maintains its current velocity vector; it's likely to pass over the yellow region and continue beyond the point where the red object is located.  Scene C:  *   The green object is moving directly towards the yellow region; not the red object. *   The red object appears to be suspended in mid-air but is actually resting on an invisible surface just below its base (as indicated by shadows). *   Given these conditions:     *   Since the green object is heading straight for the yellow region and there are no obstacles or forces acting upon it to deflect its path; it will likely make contact with this area before encountering any other objects.  Scene D:  *   The red object is stationary at the bottom of a ramp or incline. *   The green object is moving towards the red object but from a higher elevation; suggesting it might have been thrown or rolled down the ramp to gain speed and momentum. *   Given these dynamics:     *   Assuming no significant air resistance (which is reasonable given the context); both objects will continue their motion under gravity's influence. The green object; having gained some velocity as it rolls down its ramp; may reach sufficient speed to collide with the red object.  **Final Result**  Based on the initial analysis of each scene and applying principles of physics for simple collision dynamics:  I predict that Scene C will succeed.
243,3,Containment Scene,True,C,A,4,3,No,36.83,True_pilot-containment-bowl-redyellow_0003_img.png,**Reasoning**  To determine which initial scene is most likely to result in the red object making contact with the yellow region; we need to analyze each scene step by step.  Scene A: * The green object is moving towards the red object. * The red object is initially at rest on a flat surface. * Gravity affects both objects; but since the red object starts from rest; it will not move significantly due to gravity alone. * Given the direct trajectory of the green object and assuming no external forces or obstacles; it seems likely that the two objects will collide.  Scene B: * The setup is similar to Scene A; with the green object moving towards the red object. * However; in this case; the red object appears to be slightly elevated on a platform or surface. * This elevation gives the red object an initial vertical velocity due to gravity. * Despite this slight advantage; the trajectory of the green object still suggests a collision is probable.  Scene C: * The red object is positioned above and closer to the yellow region compared to Scenes A and B. * The green object is moving towards the red object but from a different angle; not directly perpendicular as in Scenes A and B. * This angled approach means that the green object's path intersects with the yellow region before reaching the red object. * Thus; it seems less likely for the red object to make contact with the yellow region due to the green object's trajectory.  Scene D: * The setup is similar to Scene C; with the red object positioned above and closer to the yellow region. * However; in this case; the green object appears to be moving more directly towards the red object compared to Scene C. * This direct approach increases the likelihood of a collision between the two objects.  **Final Result** I predict that scene A will succeed.
244,4,Containment Scene,True,B,A,4,3,No,40.79,True_pilot-containment-bowl-redyellow_0003_img.png,**Reasoning**  To determine which initial scene is most likely to result in the red object making contact with the yellow region; we need to analyze each scene step by step.  **Scene A**  * The green object is moving towards the red object. * The red object appears to be stationary. * Without additional information about the velocity or direction of the red object; it's difficult to predict its trajectory. * However; based on the initial positions and velocities; it seems unlikely that the red object will make contact with the yellow region.  **Scene B**  * The green object is moving towards the red object. * The red object appears to be stationary. * Similar to Scene A; without additional information about the velocity or direction of the red object; it's difficult to predict its trajectory. * However; based on the initial positions and velocities; it seems unlikely that the red object will make contact with the yellow region.  **Scene C**  * The green object is moving towards the red object. * The red object appears to be stationary. * Similar to Scenes A and B; without additional information about the velocity or direction of the red object; it's difficult to predict its trajectory. * However; based on the initial positions and velocities; it seems unlikely that the red object will make contact with the yellow region.  **Scene D**  * The green object is moving towards the red object. * The red object appears to be stationary. * Similar to Scenes A; B; and C; without additional information about the velocity or direction of the red object; it's difficult to predict its trajectory. * However; based on the initial positions and velocities; it seems unlikely that the red object will make contact with the yellow region.  **Final Result**  Based on the analysis of all four scenes; I cannot definitively determine which scene is most likely to result in the red object making contact with the yellow region. However; if I had to choose one; I would select Scene C as the most promising candidate due to its slightly more favorable initial positioning and velocity.
245,1,Containment Scene,True,A,B,4,1,No,35.87,True_pilot-containment-cylinder-bowl-redyellow_0008_img.png,Reasoning: Scene A: - The red object is stationary; and the green object is approaching it from above. - Due to gravity; the green object's downward motion will cause it to continue moving towards the red object. - As there are no obstacles or forces acting on the objects in this scene; they will collide if their trajectories intersect.  Scene B: - The red object is stationary at the top of a ramp-like structure; and the green object is rolling down from above. - The green object's velocity increases as it rolls down due to gravity. - If the green object maintains its trajectory; it will eventually hit the red object and slide off.  Scene C: - The red object is stationary on a flat surface; and the green object is approaching it horizontally. - Since there are no forces acting on either object in this scene; they will collide if their paths intersect. - Given that the green object's horizontal motion is not affected by gravity or any other external force; it will maintain its speed until impact.  Scene D: - The red object is stationary near a curved surface; and the green object is approaching it from above with some initial velocity. - As the green object rolls down due to gravity; its velocity increases; but its path may be influenced by friction or other forces acting on it as it interacts with the curved surface. - Without additional information about these potential interactions; predicting the exact outcome of this scenario becomes less straightforward.  Final Result: I predict that scene B will succeed.
246,2,Containment Scene,True,D,A,4,3,No,32.34,True_pilot-containment-cylinder-bowl-redyellow_0008_img.png,Reasoning:  **Scene A**  * The green object is moving towards the red object. * Both objects are under gravity's influence and have no stickiness between them. * Given their initial positions; it appears likely that the green object will collide with the red one first.  Since the green object's trajectory suggests a collision with the red object before reaching the yellow region; I anticipate this sequence to result in contact between the red object and the yellow region.  **Scene B**  * The green object is positioned above and behind the red object. * Given its velocity vector; it seems probable that the green object will pass close to or directly over the red object without making significant contact. * The red object appears likely to miss the yellow region due to the nature of their initial positions and trajectories.  **Scene C**  * The green object is in a similar position as in Scene B but slightly closer to the red object. * Although it's still possible for the red object to avoid collision with the green one; its trajectory suggests more proximity than in Scene B. * However; considering the relative positions and likely velocities of both objects; the scenario may play out similarly to Scene B; where the red object does not make contact with the yellow region.  **Scene D**  * The green object is positioned ahead of the red object but at a lower altitude. * Given its trajectory; it seems probable that the green object will pass over or very close to the red object without significant collision. * Similar to Scene B and C; this scenario also suggests the red object may not make contact with the yellow region due to the nature of their initial positions and trajectories.  Final Result: I predict that scene A will succeed.
247,3,Containment Scene,True,B,C,4,1,No,31.70,True_pilot-containment-cylinder-bowl-redyellow_0008_img.png,**Reasoning**  ### Scene A  * The green object is moving towards the red object. * The yellow region is positioned below and to the right of the red object. * Based on the initial trajectory; it appears unlikely that the red object will make contact with the yellow region.  ### Scene B  * The green object has changed direction and is now moving away from the red object. * The yellow region remains in its original position. * Given this change in direction; there's a high likelihood that the red object will not come into contact with the yellow region.  ### Scene C  * The green object continues to move towards the red object at an angle. * The yellow region is now positioned below and to the left of the red object. * Considering its trajectory; it seems probable that the red object will make contact with the yellow region.  ### Scene D  * The green object has deviated from a direct path towards the red object. * Although still moving in the general direction of the red object; there's no clear indication that it will come into contact with the yellow region.  **Final Result**  I predict that scene C will succeed.
248,4,Containment Scene,True,C,C,4,4,Yes,34.19,True_pilot-containment-cylinder-bowl-redyellow_0008_img.png,**Reasoning**  To determine which initial scene is most likely to result in the red object making contact with the yellow region; we need to analyze each scene step by step.  *   **Scene A**: The green object appears to be moving towards the red object. However; its trajectory does not seem to intersect with the yellow region. *   **Scene B**: Similar to Scene A; the green object is moving towards the red object but does not appear to have a direct path to the yellow region. *   **Scene C**: In this scene; the green object's trajectory seems more aligned with the yellow region. Although it's still moving towards the red object; its current path suggests a higher likelihood of contact with the yellow region compared to Scenes A and B. *   **Scene D**: The green object is positioned such that its trajectory does not intersect with the yellow region.  **Final Result**  Based on the analysis; Scene C presents the highest chance of success because the green object's initial trajectory appears more aligned with the yellow region. Therefore; it is most likely to result in the red object making contact with the yellow region.  I predict that scene C will succeed.
249,1,Containment Scene,True,A,A,4,4,Yes,39.64,True_pilot-containment-multi-bowl-redyellow_0021_img.png,**Reasoning for Scene A:**  In Scene A; the green object is positioned above and slightly ahead of the red object. Given their initial positions and assuming no external forces are acting on them; both objects would follow a curved trajectory under gravity's influence.  *   The green object starts with an upward component in its velocity due to its position relative to the red object. *   As time progresses; both objects will continue to move downward due to gravity; but their relative positions and velocities mean that they are likely to collide at some point before reaching the yellow region.  **Reasoning for Scene B:**  Scene B shows a similar setup to Scene A but with the green object slightly lower than in Scene A. This means its initial velocity component has less of an upward direction compared to Scene A; making it more directly headed towards the red object's starting position on the ground.  *   The trajectory of both objects under gravity will be such that they are likely to meet before reaching the yellow region. *   Given their positions and assuming no external forces intervene; this scenario also suggests a collision between the two objects before they reach the yellow area.  **Reasoning for Scene C:**  In Scene C; the green object is positioned directly above the red object but on a slightly higher trajectory. This configuration implies that both objects will start moving downwards towards each other under gravity's influence.  *   The relative positions and velocities suggest a collision between the two objects before they reach the yellow region. *   As with Scenes A and B; assuming no external forces disrupt their motion; this scenario also points towards a successful contact between the red object and the yellow region through an intermediate collision with the green object.  **Reasoning for Scene D:**  Scene D shows the green object positioned further away from the red object compared to the other scenarios. This means it will have more time to fall under gravity before potentially colliding with the red object; which is already on the ground.  *   The trajectory of both objects under gravity suggests that they might not meet until closer to or after reaching the yellow region. *   Given this scenario's specifics and assuming no external forces interfere; there seems less likelihood for a collision between the two objects before the red object reaches the yellow area.  **Final Result:**  Based on the analysis; **Scene A** appears to have the highest chance of success in terms of the red object making contact with the yellow region. This is because both objects are closer together at the start; increasing the likelihood of a collision that would direct the red object towards the yellow area. While all scenarios suggest collisions that could lead to contact with the yellow region; Scene A's initial setup seems most conducive to this outcome. Therefore:  I predict that scene A will succeed.
250,2,Containment Scene,True,D,C,4,2,No,44.41,True_pilot-containment-multi-bowl-redyellow_0021_img.png,**Reasoning**  To determine which initial scene is most likely to result in the red object making contact with the yellow region; we need to analyze each scene step by step.  *   Scene A:     *   The green object is moving towards the red object.     *   The red object is stationary and not moving towards or away from the yellow region.     *   If the green object continues its trajectory; it will likely collide with the red object first.     *   After colliding with the red object; both objects will continue to move in their respective directions under gravity's influence.     *   Given that the red object is not moving towards the yellow region initially and does not have a clear path to reach it before encountering the green object; it seems unlikely for the red object to make contact with the yellow region directly without first interacting with the green object. *   Scene B:     *   The green object is also approaching the red object but from a slightly different angle compared to Scene A.     *   Similar to Scene A; if the green object continues its path without any external forces altering its trajectory; it will likely collide with the red object first.     *   After this collision; both objects' paths would be altered due to their new velocities after impact; but based on initial trajectories; they do not directly approach the yellow region before colliding with each other. *   Scene C:     *   In this scenario; the green object is positioned more towards the left side of the image and appears to be moving in a direction that could potentially allow it to bypass both the red object and the yellow region without direct interaction.     *   However; considering gravity's influence on free-moving objects and potential minor deviations in trajectory due to air resistance or other environmental factors not explicitly mentioned; there's still a chance for an indirect collision path if the green object's trajectory changes significantly enough. *   Scene D:     *   The green object is positioned near the top of the image but seems to be moving downwards towards the red object.     *   Given its initial direction and assuming no external forces alter its course; it will likely collide with the red object first before reaching any distance from it where contact with the yellow region could occur without prior interaction with the red object.  **Final Result:**  Based on the analysis of each scene's dynamics and the likelihood of direct or indirect interactions between objects that could lead to the red object making contact with the yellow region; Scene C presents the most favorable conditions for this outcome. In Scene C; the green object appears less likely to directly collide with the red object first due to its trajectory path; potentially allowing it to bypass both objects and reach the yellow region without prior interaction. However; it's crucial to note that the actual outcome depends on precise calculations of velocities and trajectories after any potential collisions; which are not fully detailed in these static images.  **Answer:** I predict that scene C will succeed.
251,3,Containment Scene,True,B,B,4,4,Yes,38.15,True_pilot-containment-multi-bowl-redyellow_0021_img.png,**Reasoning**  ### Scene A  * The green object is moving towards the red object. * The trajectory of the green object suggests a collision course with the yellow region. * However; without more information about the mass and velocity of each object or any external forces acting on them; it's challenging to predict the exact outcome. * Assuming all objects move according to physical laws and there are no sticky surfaces; if the green object maintains its current trajectory; it might not directly collide with the red object but could instead pass by or interact with the yellow region.  ### Scene B  * The green object is positioned closer to the yellow region than in Scene A. * Its trajectory indicates a potential collision course with the yellow region rather than the red object. * Similar to Scene A; without specific details about mass and velocity; predicting the exact outcome is difficult. However; if the green object continues on its current path; it seems more likely to make contact with the yellow region than the red object.  ### Scene C  * The green object's trajectory suggests a collision course with the red object. * Given the principles of physics; if the red and green objects are moving as shown and there's no external influence altering their paths; they will likely collide. However; this does not directly inform us about contact with the yellow region.  ### Scene D  * The green object is positioned further from both the red object and the yellow region compared to the other scenes. * Its trajectory indicates it might pass by all objects without making direct contact with any of them. * Without altering its path based on external influences or internal dynamics not visible in the image; this scenario seems less likely to result in a collision between the green object and either the red object or the yellow region.  **Final Result**  Based on the analysis; Scene B presents the highest likelihood for the red object to make contact with the yellow region due to the green object's trajectory suggesting it will collide with the yellow area before reaching the red object. This scenario maximizes the chances of the red object interacting with the yellow region based solely on the provided images and assuming continued motion governed by physical laws.  I predict that scene B will succeed.
252,4,Containment Scene,True,C,B,4,2,No,39.76,True_pilot-containment-multi-bowl-redyellow_0021_img.png,**Reasoning**  ### Scene A  * The green object is moving towards the red object at an angle. * Due to gravity; both objects are falling downwards. * The trajectory of the green object suggests it will pass close to the yellow region without making contact with it. * However; considering the initial distance and speed; there's a possibility the red object might touch the yellow area due to its own momentum or slight deviation in path.  ### Scene B  * Similar to Scene A; both objects are falling downwards under gravity. * The green object is moving directly towards the red object but appears to be slightly slower than in Scene A. * Given the similar setup and dynamics; it's likely that the red object will make contact with the yellow region as a result of its own motion or slight deviation.  ### Scene C  * This scene shows both objects at the same height above the ground; indicating they are falling from a higher point compared to Scenes A and B. * The green object is still moving towards the red object but appears to be slower than in previous scenes. * Given the increased distance above the ground and assuming similar dynamics as before; it's less likely for the red object to make contact with the yellow region.  ### Scene D  * In this scene; both objects are almost parallel to each other; indicating they have fallen further compared to Scenes A-C. * The green object is moving towards the red object but at a much slower pace than in any of the previous scenes. * Given their increased distance from the ground and assuming similar dynamics as before; it's highly unlikely for the red object to make contact with the yellow region.  **Final Result**  I predict that scene B will succeed.
253,1,Containment Scene,True,C,A,4,3,No,37.84,True_pilot-containment-torus-redyellow_0002_img.png,**Reasoning**  To determine which initial scene is most likely to result in the red object making contact with the yellow region; we need to analyze each scene step by step.  Scene A:  * The green object is moving towards the red object. * If the green object continues on its current trajectory; it will collide with the red object before reaching the yellow region. * Assuming no significant changes in velocity or direction; the red object will not make contact with the yellow region due to being blocked by the green object.  Scene B:  * The green object is moving towards the red object but at a slower pace compared to Scene A. * Given the reduced speed; there's a possibility that the green object might pass by the red object without colliding with it. * However; since both objects are under gravity and have no external forces acting on them; they will continue their downward trajectory unless affected by another force (like air resistance or an invisible surface). * Without any additional information about air resistance or other factors influencing motion; it's difficult to predict precisely. However; based solely on the initial setup; there's a higher likelihood of the red object not making contact with the yellow region due to potential passing by.  Scene C:  * The green object is moving towards the red object but at an even slower pace compared to Scene B. * Given its slower speed and considering it's already somewhat above the yellow region; it seems probable that the green object will pass over the yellow area without colliding with it. * Similar to Scene B; the lack of information about air resistance or other forces complicates precise prediction. Yet; based on the initial setup; the red object appears less likely to make contact with the yellow region due to potential passing by.  Scene D:  * The green object is moving towards the red object but at a pace that suggests it might collide with the red object. * However; considering its trajectory and the position of both objects relative to the yellow region; there's a possibility the green object will hit the red object first before reaching the yellow area. * Similar to other scenes; the absence of detailed information about air resistance or external forces makes precise prediction challenging. Nonetheless; based on the initial setup; it seems plausible that the red object might not make contact with the yellow region due to potential collision with the green object.  **Final Result**  Given the analysis above; scene A has the lowest likelihood of success since the green object blocks the path to the yellow region for the red object. Therefore:  I predict that scene A will succeed.
254,2,Containment Scene,True,D,C,4,1,No,32.13,True_pilot-containment-torus-redyellow_0002_img.png,**Reasoning**  ### Scene A  * The green object is moving towards the red object. * The red object has a slight upward trajectory due to its initial velocity and angle of incidence. * Assuming no external forces or obstacles; the red object will continue to move upwards until it reaches its peak height. * At this point; gravity will take over; and the red object will start falling back down towards the ground. * Since the green object is still moving towards the red object but at a slower rate due to air resistance; it may not be able to catch up with the red object before it hits the yellow region.  ### Scene B  * The green object has already passed the red object and is now moving away from it. * The red object continues to move upwards until it reaches its peak height and then falls back down towards the ground. * Given the current positions of both objects; it's unlikely that they will collide with each other; let alone reach the yellow region.  ### Scene C  * The green object is still moving towards the red object but at a slower rate compared to Scene A. * However; considering the red object's initial velocity and angle of incidence; it may not have enough time or distance to clear the yellow region before being hit by the green object. * Therefore; there's a higher chance that the red object will make contact with the yellow region in this scenario.  ### Scene D  * The green object has already passed the red object and is now moving away from it. * Similar to Scene B; given their current positions; it's unlikely that they will collide with each other; let alone reach the yellow region.  **Final Result**  Based on physical reasoning and visual content; I predict that scene C will succeed.
255,3,Containment Scene,True,B,A,4,3,No,32.64,True_pilot-containment-torus-redyellow_0002_img.png,Reasoning:  Scene A: * The green object is moving towards the red object. * The trajectory of the green object suggests a collision course with the yellow region. * As the green object approaches; it will likely change direction due to the influence of gravity and its own momentum. * This change in direction could cause the green object to miss the red object but still make contact with the yellow region.  Scene B: * The green object is moving at a slower pace compared to Scene A. * Its trajectory suggests that it might not be able to reach the red object before being deflected by gravity or another force. * However; there's a possibility that the green object could still collide with the yellow region if its path deviates due to external influences.  Scene C: * The green object is moving in a different direction compared to Scenes A and B. * Its trajectory suggests it might not directly interact with either the red object or the yellow region based on its current course. * However; slight deviations in its path could result in contact with one of these elements.  Scene D: * The green object appears to be moving at an angle that would initially bypass both the red object and the yellow region. * Its trajectory suggests a higher likelihood of missing both objects compared to Scenes A-C. * While it's not impossible for the green object to change direction; its current path makes contact with either element less probable.  Final Result: I predict that scene A will succeed.
256,4,Containment Scene,True,A,B,4,3,No,35.57,True_pilot-containment-torus-redyellow_0002_img.png,**Reasoning**  Scene A: - The green object is moving towards the red object. - The yellow region appears to be a horizontal surface below the level of both objects' initial positions. - Assuming gravity and no other forces are acting on these objects; they will continue their downward motion. - Since the green object is moving towards the red object and there's nothing else in its path; it will likely collide with or pass by the red object. - Given that the yellow region is below them; if the collision occurs as expected; the red object may not necessarily make contact with the yellow region.  Scene B: - The setup appears similar to Scene A; with the green object moving towards the red object and the yellow region positioned below them. - However; in this scene; the trajectory of the objects seems slightly altered due to the position of the yellow region relative to their initial paths. - Without precise trajectories or velocities provided; it's challenging to definitively predict outcomes based solely on visual inspection. - However; considering the dynamics similar to Scene A; one might infer a possible collision between the red and green objects.  Scene C: - In this setup; both the green object and the red object are positioned above the yellow region. - Given their initial positions and assuming no external forces alter their paths significantly; they will fall towards the ground. - The question of whether the red object makes contact with the yellow region depends on the exact trajectory and velocity of these objects upon impact or shortly before reaching the ground. - Without explicit information on their trajectories or velocities; predicting a collision is challenging.  Scene D: - This scene seems to have both objects positioned above each other vertically; with the green object at a higher altitude than the red one. - If they were to fall due to gravity (assuming no external forces); the green object would likely pass by the yellow region before reaching the ground or the red object's initial position. - The likelihood of the red object making contact with the yellow region in this configuration appears low; as both objects' trajectories suggest passing each other without collision.  **Final Result** I predict that scene B will succeed.
257,1,Containment Scene,True,D,A,4,1,No,36.58,True_pilot-containment-cone-plate-redyellow_0021_img.png,**Reasoning**  To determine which initial scene is most likely to result in the red object making contact with the yellow region; we must analyze each scene step by step.  Scene A: 1. The green object is moving towards the red object. 2. The red object is stationary at this moment but will eventually move due to gravity or impact from the green object. 3. The trajectory of the red object suggests it will initially fall towards the floor before potentially being pushed up or sideways by the green object's collision. 4. Given the initial positions and velocities; there is a high likelihood that the red object will make contact with the yellow region due to its falling motion and potential impact from the green object.  Scene B: 1. The green object has already collided with the red object and pushed it upwards. 2. The red object's trajectory now suggests it will move towards the top of the image; away from the yellow region. 3. Without any additional collisions or forces acting on the red object; it is unlikely to make contact with the yellow region.  Scene C: 1. The green object is positioned above and behind the red object. 2. Given its trajectory and velocity; the green object will likely collide with the red object and push it upwards. 3. Similar to Scene B; without additional collisions or forces; it is unlikely that the red object will make contact with the yellow region.  Scene D: 1. The green object is positioned below and in front of the red object. 2. Its trajectory suggests a collision with the red object; but due to its lower position compared to Scenes A and C; the force exerted on the red object may not be enough to propel it towards the yellow region. 3. There is still a possibility that the red object could make contact with the yellow region if the collision is strong enough.  **Final Result**  Based on the analysis; Scene A has the highest likelihood of success because:  * The green object's trajectory suggests an imminent collision with the red object. * The red object is initially stationary and will fall due to gravity; increasing its chances of making contact with the yellow region. * This setup allows for a direct collision that could propel the red object towards the yellow region.  Therefore; considering all scenes; I predict that scene A will succeed.
258,2,Containment Scene,True,A,A,4,4,Yes,36.28,True_pilot-containment-cone-plate-redyellow_0021_img.png,"Reasoning:  **Scene A:**  * The green object is moving towards the red object. * The red object is stationary; and there are no visible forces acting on it. * Since the green object has a higher velocity than the red object (which is not moving); it will eventually collide with the red object due to their relative motion.  **Scene B:**  * Similar to Scene A; the green object is approaching the red object. * The red object appears stationary; and there are no visible forces acting on it. * Given the higher velocity of the green object compared to the red object (which is not moving); they will collide in this scenario as well.  **Scene C:**  * In contrast to Scenes A and B; the red object seems to be moving away from the green object. * The yellow region appears stationary; but its position relative to the red object suggests it might serve as a barrier or obstacle for the red object's path. * However; without explicit information about the mass; velocity; or direction of the red object and the green object; we cannot definitively conclude their trajectories. Nevertheless; based on visual cues; it seems less likely for the red object to make contact with the yellow region in this scenario.  **Scene D:**  * The green object is positioned between the red object and the yellow region. * If the red object continues its trajectory without any external forces affecting it; it might pass by the green object and potentially collide with the yellow region due to their relative motion. * However; the exact outcome depends on factors such as mass; velocity; and direction of both objects. Given the visual information alone; there's a plausible scenario where the red object could make contact with the yellow region.  **Conclusion:**  Based on the analysis of each scene; Scene A appears to have the highest likelihood of success for the red object making contact with the yellow region. This is because the green object has a higher velocity than the stationary red object; ensuring they will collide according to their relative motion and physical laws governing collisions.  Final Result: ""I predict that scene A will succeed."""
259,3,Containment Scene,True,B,D,4,2,No,35.32,True_pilot-containment-cone-plate-redyellow_0021_img.png,**Reasoning**  *   Scene A:     *   The green object is moving towards the red object.     *   The trajectory of the green object suggests it will collide with the red object before reaching the yellow region.     *   If the collision is elastic or inelastic; the red object may change direction but is unlikely to reach the yellow region first due to its initial trajectory. *   Scene B:     *   The green object's path indicates it will pass by the red object without colliding with it.     *   Given this trajectory and assuming no significant external forces alter their paths; the red object is less likely to make contact with the yellow region first. *   Scene C:     *   The green object appears to be on a collision course with the red object.     *   Without precise velocity or mass information; one can infer that if they collide in an elastic manner; the red object might change direction but could potentially reach the yellow region depending on the specifics of the collision. *   Scene D:     *   The green object is moving towards the red object at a faster rate than in other scenes.     *   Given its trajectory and speed relative to the red object's position; it seems most likely that the green object will collide with or significantly alter the path of the red object before reaching the yellow region.  **Final Result**  I predict that scene D will succeed.
260,4,Containment Scene,True,C,C,4,4,Yes,30.30,True_pilot-containment-cone-plate-redyellow_0021_img.png,**Reasoning**  ### Scene A  * The green object is moving towards the red object; but it's not clear if the trajectory will lead to contact with the yellow region. * The red object appears to be stationary or moving away from the yellow region. * Without more information about the initial velocities and directions of motion for both objects; it's challenging to predict their future paths accurately.  ### Scene B  * The green object is still moving towards the red object but seems to be on a slightly different trajectory than in Scene A. * The red object appears to be stationary or moving away from the yellow region. * Similar to Scene A; without precise information about velocities and directions of motion; predicting contact with the yellow region is uncertain.  ### Scene C  * Here; both objects seem to have more defined paths towards each other compared to Scenes A and B. * The red object appears to be moving directly towards the yellow region while being approached by the green object. * Given this direct approach; there's a higher likelihood that the red object will make contact with the yellow region.  ### Scene D  * In this scenario; it seems like both objects are moving away from each other rather than towards the yellow region. * The trajectories do not suggest an impending collision or contact with the yellow region by either object.  **Final Result**  I predict that scene C will succeed.
261,1,Containment Scene,True,B,A,4,1,No,32.18,True_pilot-containment-multi-bowl-redyellow_0016_img.png,**Reasoning**  For each scene; we will analyze the motion of the green object and the movement of the red object; focusing on their trajectories and potential collisions.  *   **Scene A**: The green object is moving towards the right side of the image. The red object is stationary; with no visible force acting upon it. Given the initial positions and velocities of both objects; there is a high likelihood that the green object will collide with the yellow region before reaching the red object. *   **Scene B**: Similar to Scene A; the green object is moving towards the right side of the image. The red object is also stationary; but slightly closer to the yellow region compared to Scene A. This proximity increases the chances of the red object colliding with the yellow region before or after encountering the green object. *   **Scene C**: In this scenario; the green object is positioned below the red object and appears to be moving upwards towards it. The red object seems to be falling due to gravity. Given their initial velocities and positions; it's plausible that the green object will collide with the yellow region before reaching the red object. *   **Scene D**: The green object is moving downwards from above; while the red object remains stationary near the top of the image. This setup suggests that the red object has a high chance of colliding with the yellow region due to its initial position and the downward trajectory of the green object.  **Final Result**  Based on the analysis of each scene's dynamics and potential collisions; I predict that **Scene D** will succeed in having the red object make contact with the yellow region.
262,2,Containment Scene,True,C,A,4,1,No,30.68,True_pilot-containment-multi-bowl-redyellow_0016_img.png,**Reasoning**  To determine which initial scene is most likely to result in the red object making contact with the yellow region; we need to analyze each scene step by step.  Scene A: 1. The green object has a significant velocity component towards the right side of the image. 2. The red object is stationary at this moment but will be affected by gravity and potentially by an impact from the green object if it continues on its current trajectory. 3. Assuming no external factors influence their paths; the green object will likely collide with the red object due to their relative velocities and directions.  Scene B: 1. Similar to Scene A; the green object is moving towards the right side of the image. 2. The red object remains stationary but will be impacted by gravity and possibly an interaction from the green object if it continues on its path. 3. Given their trajectories and assuming no external interference; there's a high likelihood that the green object will collide with the red object.  Scene C: 1. In this scenario; the green object is moving towards the left side of the image. 2. The red object remains stationary but would be affected by gravity and potentially an impact from the green object if it continues on its course. 3. However; due to the direction of the green object's motion being away from the yellow region; there's less chance for contact compared to Scenes A and B.  Scene D: 1. The green object is moving towards the top right corner of the image. 2. The red object remains stationary but would be influenced by gravity and possibly an interaction with the green object if it continues on its current trajectory. 3. Given the direction of the green object's motion; there's a lower likelihood that it will make contact with the yellow region compared to Scenes A and B.  **Final Result**  Based on physical reasoning and visual content; I predict that scene **A** will succeed.
263,3,Containment Scene,True,D,A,4,1,No,26.82,True_pilot-containment-multi-bowl-redyellow_0016_img.png,Reasoning: Scene A: The green object is moving towards the red object; and both objects are under the influence of gravity. The trajectory of the green object suggests it will continue to move in a straight line until it collides with the red object or changes direction due to external forces like friction or an invisible wall. Assuming no such forces act on the scene; the collision between the two objects is inevitable.  Scene B: Similar to Scene A; the green object is moving towards the red object under gravity's influence. The trajectory of the green object indicates a direct path towards the red object; suggesting that a collision will occur unless an external force intervenes. Without evidence of such intervention; we can expect a collision between the two objects.  Scene C: In this scenario; the green object has already collided with the red object and is now bouncing off it in the opposite direction due to the conservation of momentum. The yellow region remains untouched as the interaction between the green and red objects does not involve contact with it at any point during their motion.  Scene D: The green object appears to be moving away from the red object; suggesting that its initial trajectory was altered by an external force or interaction not visible in this frame. Given the information available; we cannot determine whether a collision will occur based solely on this image.  Final Result: I predict that scene A will succeed.
264,4,Containment Scene,True,A,A,4,4,Yes,37.50,True_pilot-containment-multi-bowl-redyellow_0016_img.png,Reasoning:  **Scene A Analysis**  * The green object is positioned above the red object; indicating an initial collision course. * Due to gravity and momentum; both objects will accelerate towards the ground. * Assuming no external forces or friction; their paths will intersect near the bottom of the image; causing a collision between the two objects. * As a result of this collision; the red object may lose velocity and trajectory control; potentially leading it off-course towards the yellow region.  **Scene B Analysis**  * Similar to Scene A; the green object is directly above the red object; setting up an impending collision. * The same physical principles apply as in Scene A: gravity accelerates both objects downwards; and their paths will converge near the bottom of the image. * This collision could cause the red object to deviate from its original trajectory; increasing the likelihood of contact with the yellow region.  **Scene C Analysis**  * In contrast to Scenes A and B; the green object is positioned at an angle relative to both the red object and the yellow region. * While gravity still affects all objects; their initial trajectories are less likely to intersect near the yellow region due to the green object's angled path. * Without a direct collision course like in Scenes A and B; the probability of the red object contacting the yellow region decreases.  **Scene D Analysis**  * The green object is now positioned behind both the red object and the yellow region. * This setup eliminates any immediate collision between the green and red objects; reducing the likelihood of an indirect impact on the red object's trajectory. * Since there is no direct path for the red object to collide with the green object or be affected by it; the chance of contact with the yellow region becomes even lower compared to Scenes A and B.  **Comparison and Conclusion**  Based solely on visual content and physical reasoning; scenes A and B have a higher likelihood of success due to their initial collision courses. However; since Scene D presents an even more challenging scenario for contact than Scene C; it is reasonable to conclude that the highest chance among the four scenarios lies with **Scene A**.  Final Result: I predict that scene A will succeed.
265,1,Containment Scene,True,C,D,4,3,No,37.67,True_pilot-containment-cone-plate-redyellow_0003_img.png,**Reasoning for Scene A:**  *   The red object is initially stationary. *   The green object is moving towards the red object but is currently outside its range. *   There are no obstacles or forces acting on the objects to alter their trajectories.  Given these conditions; it's clear that the red object will not be able to make contact with the yellow region in this scenario. The initial positions and velocities of the objects do not suggest a collision course between the red object and the yellow region.  **Reasoning for Scene B:**  *   The green object has moved closer to the red object. *   There is still enough space between them for the green object to pass by without colliding with the red object. *   The trajectory of both objects remains unchanged; indicating no force or interaction that would alter their paths.  In this scenario; the red object will not make contact with the yellow region. The distance and relative velocities of the objects do not suggest an imminent collision.  **Reasoning for Scene C:**  *   The green object has moved closer to the red object. *   The path of both objects suggests a potential collision course. *   However; there is still enough space between them for the green object to pass by without colliding with the red object.  While this scenario presents a more dynamic situation than Scenes A and B; it does not guarantee contact between the red object and the yellow region. The motion of both objects indicates they may eventually collide; but their current trajectories suggest passing rather than collision.  **Reasoning for Scene D:**  *   The green object has moved closer to the red object. *   The path of both objects suggests a potential collision course. *   The distance between them is minimal; indicating an imminent collision.  In this scenario; the red object will likely make contact with the yellow region. The close proximity and trajectories of the objects suggest that they are on a collision course; making it highly probable for the red object to come into contact with the yellow region.  **Final Result:**  I predict that scene D will succeed.
266,2,Containment Scene,True,B,C,4,1,No,35.37,True_pilot-containment-cone-plate-redyellow_0003_img.png,**Reasoning**  To determine which initial scene is most likely to result in the red object making contact with the yellow region; we need to analyze each scene step by step.  Scene A: - The green object is moving towards the red object. - The trajectory of the green object suggests it will pass close to the red object but might not have enough velocity or angle to hit the yellow region directly. - Without precise calculations or additional information about the objects' masses; velocities; and angles of incidence; we cannot definitively say if the red object will make contact with the yellow region based solely on visual inspection.  Scene B: - The green object is moving in a curved path towards the red object. - Given its trajectory; it appears unlikely that the green object will collide directly with the yellow region; instead; it seems more probable that the red object and the green object might interact or pass close to each other but not necessarily make contact with the yellow area.  Scene C: - The green object is moving in a straight line towards the red object. - This setup suggests a higher likelihood of collision between the two objects compared to scenarios where paths are curved or more complex. - However; without knowing the exact velocities and masses involved; it's challenging to definitively conclude whether the red object will make contact with the yellow region.  Scene D: - The green object is moving in a path that would take it above and then past the red object; as indicated by its trajectory. - This scenario suggests a low probability of the red object making contact with the yellow region since the green object's path does not intersect with or even come close to the area where the red object could potentially touch the yellow region.  **Final Result**  Based on the visual analysis and considering the principles of physics (e.g.; trajectories; velocities); I predict that scene C has the highest likelihood of success because it presents a situation where there is a direct collision path between the green and red objects. This setup increases the chances of interaction or contact between these two objects compared to the other scenarios presented.  **Answer:** I predict that scene C will succeed.
267,3,Containment Scene,True,D,A,4,2,No,30.58,True_pilot-containment-cone-plate-redyellow_0003_img.png,Reasoning: Scene A shows the green object moving towards the red object; which is stationary. The trajectory of the green object suggests that it will collide with the red object first.  1. **Initial Condition:** The green object is in motion and heading directly towards the red object. 2. **Trajectory Analysis:** Given its current velocity and direction; the green object is unlikely to change course significantly without external influence. 3. **Red Object's Response:** Since the red object does not seem to be moving away from or towards any other significant influence (like gravity or another object); it will likely remain stationary. 4. **Collision Prediction:** Given these conditions; a collision between the green and red objects is highly probable before either can interact with the yellow region.  **Conclusion for Scene A:** Based on the initial setup and trajectories observed; there is a high likelihood that the red object will make contact with the green object before reaching the yellow region.  Final Result: I predict that scene A will succeed.
268,4,Containment Scene,True,A,A,4,4,Yes,36.74,True_pilot-containment-cone-plate-redyellow_0003_img.png,**Reasoning**  To determine which initial scene is most likely to result in the red object making contact with the yellow region; we need to analyze each scene step by step.  **Scene A**  *   The green object is positioned directly above the red object. *   The trajectory of the green object suggests that it will continue moving downward and forward. *   Given its initial velocity and direction; it appears likely that the green object will collide with the yellow region before reaching the red object. *   As a result; there is a high probability that the red object will make contact with the yellow region in this scenario.  **Scene B**  *   The green object is moving towards the right side of the image and has not yet reached its maximum height or velocity. *   Although the trajectory indicates that it may eventually collide with either the red object or the yellow region; there is no clear indication at this point that a collision will occur first with the yellow region. *   The likelihood of contact between the red object and the yellow region in this scenario appears lower compared to Scene A.  **Scene C**  *   Similar to Scene B; the green object has not yet reached its maximum height or velocity and is moving towards the right side of the image. *   However; unlike Scene B; the trajectory suggests a more direct path towards the red object rather than the yellow region. *   Given this analysis; it seems less likely that the red object will make contact with the yellow region in this scenario.  **Scene D**  *   The green object is positioned at a 45-degree angle to the horizontal plane and has not yet reached its maximum height or velocity. *   Its trajectory indicates a potential collision with either the red object or the yellow region; but without further information on its velocity; it's challenging to determine which outcome is more likely. *   Based solely on visual analysis; this scenario appears less predictable than Scenes A; B; and C.  **Final Result**  Considering all factors and analyzing each scene step by step; I predict that **Scene A** will succeed. The initial setup in Scene A presents the most direct path for the green object to collide with the yellow region before reaching the red object; making it the scenario with the highest likelihood of success.
269,1,Containment Scene,True,B,B,4,4,Yes,34.06,True_pilot-containment-box-redyellow_0016_img.png,Reasoning:  **Scene A:**  * The green object is moving towards the red object. * The red object appears to be stationary or moving slowly. * There is a gap between the two objects; but it's not clear if they will collide based on their current velocities and distances.  **Scene B:**  * The green object has gained speed and is now closer to the red object. * The red object seems to have slowed down or changed direction slightly. * Given the increased velocity of the green object and its proximity to the red object; it's likely that they will collide.  **Scene C:**  * Both objects appear to be moving in opposite directions; with the green object moving away from the red object. * The yellow region is not directly involved in this interaction. * Based on their trajectories; it seems unlikely that the red object will make contact with the yellow region.  **Scene D:**  * The green object has changed direction again and is now moving parallel to the red object. * There doesn't seem to be a direct collision course between the two objects. * Without further context or motion; predicting contact with the yellow region becomes speculative.  Final Result: I predict that scene B will succeed.
270,2,Containment Scene,True,A,D,4,1,No,35.60,True_pilot-containment-box-redyellow_0016_img.png,**Reasoning**  To determine which initial scene is most likely to result in the red object making contact with the yellow region; we need to analyze each scene step by step.  Scene A: - The green object is moving towards the red object. - The trajectory of the red object does not suggest it will make contact with the yellow region based on its current path. - The likelihood of collision between the red and green objects appears high due to their approaching paths; but this does not directly influence the red object's interaction with the yellow region.  Scene B: - Similar to Scene A; the green object is moving towards the red object; suggesting a potential collision course for these two objects. - However; without further information on the trajectory of the red object in relation to the yellow region; it's challenging to predict direct contact between the red object and the yellow region based solely on this scene.  Scene C: - In this scenario; the green object is not directly moving towards the red object but seems to be moving away from it. - The path of the red object does not indicate a trajectory that would lead to contact with the yellow region. - The absence of an immediate collision course between the red and green objects makes it less likely for the red object to make contact with the yellow region.  Scene D: - Here; the green object is positioned closer to the yellow region than in previous scenes. - The trajectory of the red object does not suggest a direct path towards the yellow region but rather seems more aligned with continuing its current motion. - Given the initial positions and trajectories; this scene presents the most promising opportunity for the red object to make contact with the yellow region due to their relative positions.  **Final Result** I predict that scene D will succeed.
271,3,Containment Scene,True,C,B,4,1,No,34.01,True_pilot-containment-box-redyellow_0016_img.png,**Reasoning**  ### Scene Analysis  *   **Scene A**: The green object is moving towards the red object; but its trajectory does not seem to intersect with the yellow region.     *   Prediction: No contact *   **Scene B**: The green object has already collided with the red object and is now on a collision course with the yellow region. However; the red object's velocity might be sufficient for it to clear the yellow region before making contact.     *   Prediction: No contact *   **Scene C**: The green object is moving towards the red object but appears to have lost momentum; indicating a potential collision between the two objects that may not lead to contact with the yellow region.     *   Prediction: No contact *   **Scene D**: The green object's trajectory suggests it will pass by both the red object and the yellow region without making contact with either one.     *   Prediction: No contact  ### Conclusion  Based on the analysis; none of the scenes guarantee a collision between the red object and the yellow region. However; considering the dynamics of each scenario:  *   **Scene B** is the closest to resulting in a collision due to the initial contact between the green and red objects. This might influence their trajectories towards the yellow region. *   The other scenes either do not show sufficient overlap or have the green object's trajectory diverging from the yellow region.  ### Final Result  I predict that scene B will succeed.
272,4,Containment Scene,True,D,B,4,3,No,36.26,True_pilot-containment-box-redyellow_0016_img.png,**Step 1: Analyze Scene A**  In Scene A; the red object is stationary at the top of a slope. The green object is rolling down the slope towards the red object. However; due to gravity and the shape of the slope; the green object will likely roll past the red object without making contact with it.  **Step 2: Analyze Scene B**  In Scene B; the red object is stationary on a flat surface. The green object is rolling towards the red object from the side. Since there are no obstacles or inclines that could affect the motion of either object; they will likely collide and make contact with each other.  **Step 3: Analyze Scene C**  In Scene C; the red object is stationary at the bottom of a slope. The green object is rolling down the slope towards the red object. Similar to Scene A; gravity and the shape of the slope suggest that the green object will roll past the red object without making contact.  **Step 4: Analyze Scene D**  In Scene D; the red object is stationary on a flat surface. The green object is rolling towards the red object from the side. However; due to the position of the green object and its trajectory; it appears that it will not have enough time or distance to make contact with the red object before reaching the edge of the frame.  **Step 5: Determine Which Scene Has the Highest Chance of Success**  Based on the analysis above; Scene B has the highest chance of success. The red object is stationary and does not have any obstacles or inclines that could affect its motion. The green object is rolling towards it directly from the side; making a collision likely.  **Final Result:** I predict that scene B will succeed.
273,1,Containment Scene,True,C,C,4,4,Yes,32.03,True_pilot-containment-cone-plate-redyellow_0016_img.png,**Reasoning**  Scene A:  * The green object is moving towards the red object. * The trajectory of the green object suggests it will collide with the red object; causing both to move in a similar direction due to inertia and the absence of external forces acting on them. * As they move together; they are likely to reach the yellow region before separating again or coming into contact with other elements not shown.  Scene B:  * The green object is moving at an angle towards the red object but appears to be slowing down slightly. * It's less clear where the red object will end up due to its position and trajectory relative to the green object. * However; without any significant external forces or obstacles visible in this frame; it's difficult to predict with certainty whether the red object will reach the yellow region.  Scene C:  * The red object appears stationary while the green object moves towards it. * Given that there are no apparent external forces acting on either object and assuming no air resistance or other non-physical influences; both objects should continue moving in their respective directions unless a collision occurs. * If a collision happens as expected between the two objects; they will likely move together; potentially reaching the yellow region.  Scene D:  * The green object seems to be moving directly towards the red object. * Both objects are also moving slightly faster than in scene A or B; which increases their likelihood of colliding and thus possibly coming into contact with the yellow region after a collision.  **Final Result**  I predict that Scene C will succeed.
274,2,Containment Scene,True,A,C,4,1,No,38.25,True_pilot-containment-cone-plate-redyellow_0016_img.png,**Step 1: Analyze Scene A**  In Scene A; the green object is moving towards the red object. The trajectory of the green object suggests that it will continue to move in a straight line until it collides with the red object. Since there are no other objects or forces affecting their motion; they will collide based on their velocity and mass.  **Step 2: Analyze Scene B**  In Scene B; the green object has already collided with the red object. The resulting collision would have altered both objects' trajectories due to conservation of momentum. However; without additional information about the post-collision velocities or any other forces at play; it is impossible to predict whether the red object will make contact with the yellow region.  **Step 3: Analyze Scene C**  In Scene C; the green object has not yet collided with the red object but appears to be on a collision course. Similar to Scene A; without any external forces or changes in velocity after potential collision; it is likely that the red object will continue its trajectory and eventually make contact with the yellow region.  **Step 4: Analyze Scene D**  In Scene D; the green object has moved past the red object; indicating a missed opportunity for collision. Given this scenario; it is unlikely that the red object will make contact with the yellow region because the primary obstacle (the green object) is no longer in its path.  **Conclusion and Final Result**  Based on the analysis of each scene; considering only the physical setup and motion without external forces or post-collision dynamics; Scene C presents the highest likelihood for the red object to make contact with the yellow region. This conclusion stems from the green object being on a collision course with the red object in Scene C; similar to Scene A but with the added complexity of potential interaction that might alter trajectories.  Final Result: I predict that scene C will succeed.
275,3,Containment Scene,True,D,D,4,4,Yes,44.04,True_pilot-containment-cone-plate-redyellow_0016_img.png,**Reasoning**  Scene A: The green object is moving towards the red object; which is stationary. The trajectory of the green object suggests that it will continue to move in a straight line until it collides with the yellow region.  Step-by-step analysis:  1. The green object has an initial velocity directed towards the red object. 2. As the green object moves forward; its velocity remains constant due to the absence of any external forces acting on it. 3. Since there is no stickiness between objects and all objects move freely according to physical laws; the collision will occur based on velocity; direction; mass; etc.  Considering these steps; I predict that scene A has a high likelihood of success because the green object's trajectory suggests it will collide with the yellow region before making contact with the red object.  Scene B: In this scenario; the green object appears to be moving at an angle towards the red object. However; upon closer inspection; its path does not seem to intersect with the yellow region.  Step-by-step analysis:  1. The green object has a slightly curved trajectory due to its initial velocity and direction. 2. Although it is approaching the red object; its path does not appear to be directed towards the yellow region. 3. Given the absence of any external forces or obstacles; the green object will continue to move along its current trajectory.  Based on this analysis; I predict that scene B has a lower likelihood of success because the green object's trajectory does not seem to intersect with the yellow region.  Scene C: In this case; the green object is moving directly towards the red object but at an angle. However; upon closer inspection; it appears that its path will not intersect with the yellow region before making contact with the red object.  Step-by-step analysis:  1. The green object has a similar trajectory to scene B; with a slight curvature due to its initial velocity and direction. 2. Although it is approaching the red object; its path does not appear to be directed towards the yellow region. 3. Given the absence of any external forces or obstacles; the green object will continue to move along its current trajectory.  Considering these steps; I predict that scene C has a lower likelihood of success because the green object's trajectory does not seem to intersect with the yellow region before making contact with the red object.  Scene D: In this scenario; the green object is moving towards the red object but appears to be on a collision course with the yellow region first.  Step-by-step analysis:  1. The green object has an initial velocity directed towards the red object. 2. As it moves forward; its trajectory intersects with the yellow region before making contact with the red object. 3. Given the absence of any external forces or obstacles; the collision will occur based on velocity; direction; mass; etc.  Based on this analysis; I predict that scene D has a high likelihood of success because the green object's trajectory suggests it will collide with the yellow region before making contact with the red object.  **Final Result**  I predict that scene D will succeed.
276,4,Containment Scene,True,B,B,4,4,Yes,39.00,True_pilot-containment-cone-plate-redyellow_0016_img.png,**Reasoning:**  Scene A: - The green object is moving towards the red object; but its trajectory seems slightly off-target. - The red object appears to be stationary or moving very slowly compared to the green object. - Given the initial positions and velocities of both objects; it's likely that the green object will pass by the red object without making contact with the yellow region.  Scene B: - The green object is also moving towards the red object in this scene. - However; unlike Scene A; the green object seems to be on a more direct collision course with the red object. - If the green object maintains its current velocity and direction; it's possible that it will collide with the yellow region after hitting the red object.  Scene C: - In this scene; the green object is moving away from the red object instead of towards it. - The trajectory of the green object suggests that it will not come close to the red object or the yellow region. - Therefore; based on its current path and velocity; the red object is unlikely to make contact with the yellow region in this scenario.  Scene D: - Similar to Scene A; the green object appears to be moving towards the red object but seems slightly off-target. - The red object's position relative to the yellow region suggests that even if the green object were to collide with it; the impact would likely not result in contact with the yellow region.  **Final Result:** I predict that scene B will succeed.
277,1,Containment Scene,True,D,D,4,4,Yes,35.44,True_pilot-containment-box-redyellow_0015_img.png,**Reasoning**  Based on the initial images; I will analyze each scene step by step; focusing on the motion of the green object and the movement of the red object.  Scene A:  * The green object is moving towards the red object. * The red object appears to be stationary or moving slowly. * Due to gravity; both objects are affected and will continue to move in their respective directions. * Since the green object has an initial velocity component towards the red object and considering no external forces act on these objects within this frame; it is likely that the green object will collide with the red object.  Scene B:  * Similar to Scene A; the green object is moving towards the red object. * The red object seems to be stationary or moving slowly as well. * Gravity affects both objects; causing them to continue their motion. * Given the initial velocity of the green object and considering no external forces within this frame; it appears that the green object will indeed collide with the red object.  Scene C:  * In contrast to Scenes A and B; the green object seems to be moving away from the red object. * The red object might also be in motion or stationary. * Both objects are subject to gravity's influence. * Since the initial velocity of the green object is directed away from the red object; it is unlikely that they will collide.  Scene D:  * Similar to Scenes A and B; the green object is moving towards the red object. * The red object appears to be stationary or moving slowly. * Gravity influences both objects' motion. * Given the initial velocity of the green object and considering no external forces within this frame; it seems probable that the green object will collide with the red object.  **Final Result**  Based on my analysis; I predict that scene D will succeed.
278,2,Containment Scene,True,B,A,4,3,No,32.25,True_pilot-containment-box-redyellow_0015_img.png,**Reasoning**  To determine which initial scene is most likely to result in the red object making contact with the yellow region; we need to analyze each scene step by step.  *   **Scene A**: The green object is moving towards the red object. If it continues on this trajectory; it will collide with the red object before reaching the yellow region.     *   Prediction: No *   **Scene B**: The green object has already passed the midpoint between the red object and the yellow region. It is now heading directly for the yellow region.     *   Prediction: Yes *   **Scene C**: Similar to Scene A; the green object is moving towards the red object but from a different angle. If it maintains its current trajectory; it will collide with the red object before reaching the yellow region.     *   Prediction: No *   **Scene D**: The green object appears to be slowing down as it approaches the red object. However; if its momentum is sufficient; it may still reach the yellow region after passing the red object.     *   Prediction: Yes  **Final Result**  Based on the analysis; Scene B has the highest likelihood of success because the green object is already heading directly for the yellow region without any obstruction from the red object.
279,3,Containment Scene,True,A,B,4,2,No,45.32,True_pilot-containment-box-redyellow_0015_img.png,"**Reasoning for Scene A:**  In this initial frame; the green object is positioned above and slightly behind the red object. The red object appears to be stationary or moving very slowly; while the green object seems to have some velocity towards it. Given that both objects are free-moving and affected by gravity; we can infer that the green object will continue its downward trajectory due to gravity.  Without any significant horizontal force acting on either object; their trajectories remain largely unchanged in terms of direction. The red object's vertical position relative to the yellow region suggests a potential for contact if the green object continues moving downwards at an appropriate velocity and angle.  However; without explicit information about the initial velocities or accelerations of these objects; we must rely on visual cues. Assuming no significant external forces are acting on them (like air resistance); both objects will continue their current motion paths unless influenced otherwise.  Given this setup; it's plausible that the green object could make contact with the yellow region as it moves downwards due to gravity. This interaction would likely depend on the precise angle and velocity of the green object at impact.  **Reasoning for Scene B:**  Here; the red object is placed closer to the yellow region compared to Scene A; while the green object maintains a similar vertical trajectory towards it. The key difference here is the reduced distance between the red object and the yellow area; suggesting an increased likelihood of contact if the green object's downward motion continues unimpeded.  Similar to Scene A; without explicit data on initial velocities or accelerations; we rely on visual inspection. However; given the red object's closer proximity to the yellow region compared to other scenes; it stands out as a scenario where the chances of contact are heightened due to reduced spatial separation.  **Reasoning for Scene C:**  In this setup; the green object is positioned further away from both the red object and the yellow region compared to Scenes A and B. The red object appears stationary or moving very slowly; while the green object has a noticeable velocity towards it.  Given the significant distance between the green object and the yellow region; along with the minimal horizontal movement of the red object; the likelihood of contact between the red object and the yellow region seems lower compared to Scenes A and B. The primary concern here would be whether the green object's trajectory brings it close enough to the yellow region for any potential interaction.  **Reasoning for Scene D:**  Here; the green object is positioned directly above the red object but further away from the yellow region than in Scenes A and B. This configuration suggests a scenario where the green object might not reach the red object or make contact with the yellow region due to its elevated starting position relative to both.  Without explicit details on velocities or accelerations; visual inspection leads us to conclude that this setup is less conducive to interactions between objects compared to previous scenes.  **Final Result:**  Based on the analysis; Scene B presents the most favorable conditions for the red object to make contact with the yellow region. The reduced distance between the red object and the yellow area increases the likelihood of an interaction if the green object continues its downward trajectory unimpeded by external forces not specified in the scenario.  Final Result: ""I predict that scene B will succeed."""
280,4,Containment Scene,True,C,C,4,4,Yes,39.94,True_pilot-containment-box-redyellow_0015_img.png,"To determine which initial scene is most likely to result in the red object making contact with the yellow region; we need to analyze each scene step by step based on physical reasoning and visual content.  **Scene A Analysis**  *   The green object is moving towards the red object. *   The trajectory of the green object suggests that it will collide with the red object before reaching the yellow region. *   Given the direction and speed of both objects; the likelihood of contact between the red object and the yellow region in this scenario appears low.  **Scene B Analysis**  *   The green object is positioned such that its path would take it close to the yellow region after passing the red object. *   However; since the red object is moving away from the yellow region at the time of the snapshot; there's a high probability that the green object will pass by and not collide with the yellow region.  **Scene C Analysis**  *   The green object seems to be on a trajectory to hit the red object head-on. *   After colliding with the red object; both objects will likely continue moving in separate directions due to the laws of conservation of momentum. *   This means that neither object is very likely to come into contact with the yellow region following the collision.  **Scene D Analysis**  *   The green object appears to be on a collision course with the red object. *   However; given the positions and velocities of both objects; it seems improbable for either one to make contact with the yellow region after the impact; as they would likely move away from each other due to inertia.  **Conclusion**  Given these analyses; **Scene C** presents the most promising scenario for the red object making contact with the yellow region. This is because the green object's trajectory suggests a direct collision with the red object; which could then lead to both objects moving in different directions and potentially one of them coming into contact with the yellow region.  Final Result: ""I predict that scene C will succeed."""
281,1,Containment Scene,True,C,B,4,3,No,37.33,True_pilot-containment-multi-bowl-redyellow_0005_img.png,**Reasoning**  Scene A: * The green object is moving towards the red object; which is stationary. * The yellow region is in front of the red object and below it. * Based on the trajectory of the green object; it appears to be moving at a moderate pace but not fast enough to reach the top of the red object before colliding with it. * If the collision occurs; the red object will likely roll down towards the yellow region.  Scene B: * The green object has increased its speed compared to Scene A. * It is now much closer to the red object and appears to be about to collide with it. * The trajectory suggests that the green object may not have enough time to slow down before hitting the top of the red object. * This collision could cause the red object to roll out towards the yellow region.  Scene C: * In this scene; the green object has slowed down significantly and is now moving away from the red object. * The trajectory indicates that it will not collide with the top of the red object but instead pass by it. * Without a collision at the top; there is no mechanism for the red object to roll out towards the yellow region.  Scene D: * This scene shows the green object stopped in front of the red object. * There appears to be some distance between the objects; and the trajectory does not suggest an imminent collision. * Given that the green object has come to a stop; it seems unlikely for the red object to roll out towards the yellow region.  **Final Result**  I predict that scene B will succeed.
282,2,Containment Scene,True,A,A,4,4,Yes,32.82,True_pilot-containment-multi-bowl-redyellow_0005_img.png,**Reasoning**  To determine which initial scene is most likely to result in the red object making contact with the yellow region; we must analyze each scene step by step.  *   Scene A: The green object is stationary on top of a platform near the edge. The red object is positioned above and slightly behind it; also on a platform. It appears that both objects are about to fall due to gravity. Given their positions and the fact that there's nothing obstructing them from falling; it seems likely they will hit each other before reaching the yellow region. *   Scene B: Similar to Scene A; but with the green object closer to the edge of its platform and slightly lower than in Scene A. The red object is positioned above the green one on a higher platform. Given their positions and gravity; it's probable that the red object will hit the green one before reaching the yellow region. *   Scene C: In this scene; the green object has already fallen off its platform and is about to hit the floor. The red object remains on its platform but appears to be moving towards the edge of its platform due to gravity. Considering their positions and movement; it's likely that the red object will fall before reaching the yellow region. *   Scene D: Here; both objects are positioned at the edges of their platforms with no apparent obstacles between them. Given their positions and gravity; they seem poised to collide with each other rather than hitting the yellow region.  **Final Result**  Based on the analysis; it appears that **Scene B** has the highest likelihood of success because the red object's position above the green one and their respective movements suggest a collision between the two objects before either can reach the yellow region.
283,3,Containment Scene,True,B,A,4,3,No,39.55,True_pilot-containment-multi-bowl-redyellow_0005_img.png,**Reasoning**  ### Scene A  * The red object is stationary; while the green object is moving towards it. * Assuming no external forces or obstacles; the green object's trajectory will continue until it collides with the red object. * Since the yellow region is not in direct contact with the green object and does not affect its motion; it is unlikely to impact the collision between the green and red objects. * The red object will likely make contact with the yellow region after the collision with the green object due to their combined momentum.  ### Scene B  * Similar to Scene A; the green object is moving towards the stationary red object. * However; the presence of a wall behind the red object suggests that the motion might be constrained or altered by this obstacle. * Without explicit details on how the wall affects the objects' motion (e.g.; elasticity; friction); we cannot definitively predict the outcome based solely on visual information. * Given the lack of specific interaction between the green object and the yellow region; it is unclear whether contact with the yellow region would occur.  ### Scene C  * The setup appears similar to Scenes A and B; but with a slight deviation in positioning or orientation that isn't immediately clear without additional context. * Without explicit details on how these variations affect the motion (e.g.; angle of incidence); we cannot accurately predict whether the red object will make contact with the yellow region. * As with Scene B; the interaction between the green object and the yellow region is ambiguous.  ### Scene D  * This scene introduces a new element: a white object positioned in front of the yellow region. * The presence of this object could potentially alter the trajectory of either or both objects involved; depending on its properties (e.g.; mass; elasticity). * Without specific details on how these objects interact (e.g.; do they bounce off each other? are there any forces at play?); predicting whether the red object will contact the yellow region is challenging. * The interaction between the green object and the white object could either deflect or redirect the green object's path; potentially affecting its collision with the red object and subsequently with the yellow region.  **Final Result**  Considering the dynamics and interactions involved in each scene; Scene A presents the most straightforward scenario for predicting the outcome. Given the absence of complicating factors such as walls; obstacles; or additional objects that could alter trajectories significantly; Scene A is more likely to result in a clear and predictable collision sequence. Therefore:  I predict that scene A will succeed.
284,4,Containment Scene,True,D,A,4,1,No,39.83,True_pilot-containment-multi-bowl-redyellow_0005_img.png,"**Reasoning for Scene A**  In this initial frame; the green object is positioned above and slightly behind the red object. The red object appears stationary; while the green object is moving towards it.  1. **Initial State**: The red object is at rest on a flat surface. 2. **Green Object's Motion**: The green object starts its descent from above; moving downwards towards the red object. 3. **Collision Course**: Since there are no obstacles in the way and both objects are under gravity's influence; they will continue their motion until collision. 4. **Red Object's Response**: Due to its stationary state; the red object cannot change its position or direction on its own. 5. **Contact with Yellow Region**: Given the trajectory of the green object and assuming it does not significantly alter course before impact; there is a high likelihood that upon collision; both objects will continue towards the yellow region.  **Reasoning for Scene B**  Here; the setup differs from Scene A in terms of spatial arrangement but follows similar physical principles.  1. **Initial State**: The red object is at rest. 2. **Green Object's Motion**: Similar to Scene A; the green object starts descending towards the red object. 3. **Collision Dynamics**: Assuming no significant alteration in the trajectory before impact; upon collision; both objects will likely continue their motion towards the yellow region.  **Reasoning for Scene C**  In this scenario; the arrangement is slightly different from Scenes A and B but still follows basic physics principles.  1. **Initial State**: The red object remains stationary. 2. **Green Object's Motion**: The green object continues its downward trajectory towards the red object. 3. **Collision Dynamics**: Assuming no significant alteration in trajectory before impact; both objects will likely continue their motion towards the yellow region upon collision.  **Reasoning for Scene D**  This setup is unique compared to previous scenes due to the spatial arrangement and potential effects of gravity on the objects' trajectories.  1. **Initial State**: The red object remains stationary. 2. **Green Object's Motion**: The green object starts descending but may have a slightly altered trajectory due to its initial position relative to the red object and the yellow region. 3. **Collision Dynamics**: The exact outcome depends on the precise angle of descent and any slight adjustments in trajectory before impact. However; based solely on the initial setup; it appears less likely for both objects to immediately continue towards the yellow region compared to previous scenarios.  **Conclusion**  Given the physical principles at play in all scenes; the likelihood of contact with the yellow region primarily depends on the initial positions and trajectories of the objects involved. Without additional information about potential adjustments in trajectory before impact or other external factors not visible in these images; it's challenging to definitively choose one scene over another based solely on the provided information.  However; considering the dynamics outlined above; Scene A presents a straightforward collision course that leads directly towards the yellow region; assuming no deviation in the green object's descent. Therefore; based on the initial setup and physical principles; I predict that:  **Final Result: ""I predict that scene A will succeed.""**  This conclusion is derived from the direct path of motion observed in Scene A; which aligns with basic physics principles concerning gravity and collision dynamics without any apparent external factors altering these trajectories."
285,1,Containment Scene,True,C,B,4,3,No,45.73,True_pilot-containment-multi-bowl-redyellow_0010_img.png,**Reasoning**  Scene A: The green object is moving towards the red object. The trajectory of the green object suggests a collision course with the red object. As there are no external forces or obstructions; the red object will continue its downward motion due to gravity.  Step-by-step analysis:  1. The green object starts at an angle; indicating it will move horizontally as well as vertically. 2. Due to gravity; both objects will accelerate towards each other. 3. Given their initial positions and trajectories; a collision between them is imminent.  Conclusion: The red object will make contact with the yellow region because of the impending collision with the green object.  Scene B: Similar to Scene A; the green object is moving towards the red object. However; in this scenario; the green object's trajectory appears more direct and vertical compared to Scene A.  Step-by-step analysis:  1. The green object's path directly intersects with the red object's descent. 2. Given their trajectories; a collision between them is likely imminent. 3. Considering there are no external forces or obstructions; both objects will continue moving towards each other due to gravity.  Conclusion: The red object will make contact with the yellow region because of the impending collision with the green object.  Scene C: In this scenario; the green object's trajectory does not directly intersect with the red object's path. Instead; it seems to be passing by the red object on a parallel course.  Step-by-step analysis:  1. The green object maintains its horizontal motion while descending due to gravity. 2. The red object continues its downward motion under gravity. 3. Due to their non-intersecting trajectories; they do not appear likely to collide.  Conclusion: It is less probable for the red object to make contact with the yellow region in this scenario because of the green object's trajectory.  Scene D: Similar to Scene C; the green object does not have a direct collision course with the red object. Instead; it seems to be curving away from the red object's path.  Step-by-step analysis:  1. The green object maintains its horizontal motion while descending due to gravity. 2. The red object continues its downward motion under gravity. 3. Due to their non-intersecting trajectories; they do not appear likely to collide.  Conclusion: It is unlikely for the red object to make contact with the yellow region in this scenario because of the green object's trajectory.  **Final Result**  I predict that scene B will succeed.
286,2,Containment Scene,True,B,A,4,2,No,35.98,True_pilot-containment-multi-bowl-redyellow_0010_img.png,Reasoning: Scene A: The green object is moving towards the red object. The yellow region is positioned below the trajectory of the red object. Since there are no obstacles in its path; and considering gravity's effect on both objects; it is likely that the red object will pass by the yellow region without making contact.  Scene B: Similar to Scene A; the green object is moving towards the red object. However; this time; the yellow region is above the trajectory of the red object. Given the absence of any obstacles and taking into account gravity's influence on both objects' motion; it appears that the red object will not make contact with the yellow region.  Scene C: In contrast to Scenes A and B; the green object has changed direction and is now moving away from the red object. This change in trajectory means the red object will not collide with the yellow region. The absence of obstacles and gravity's effect on both objects suggest that the red object will maintain its current path.  Scene D: Similar to Scene C; the green object has altered its trajectory and is now moving away from the red object. This change indicates that the red object will not interact with the yellow region. Considering the lack of obstacles and the impact of gravity on their motion; it seems unlikely that the red object will make contact with the yellow region.  Final Result: I predict that Scene A will succeed.
287,3,Containment Scene,True,D,A,4,1,No,40.49,True_pilot-containment-multi-bowl-redyellow_0010_img.png,**Reasoning**  To determine which initial scene is most likely to result in the red object making contact with the yellow region; we need to analyze each scene step by step.  Scene A:  * The green object is moving towards the red object. * The red object is stationary. * Assuming no external forces or obstacles; the green object will continue its linear motion and collide with the red object. * After colliding with the red object; both objects will change direction due to the collision's impulse momentum.  Since the red object is initially stationary and has no horizontal velocity component; it cannot move away from the yellow region. Therefore; based on the given information; it can be inferred that the red object will make contact with the yellow region in Scene A.  Scene B:  * The green object is moving towards the red object. * The red object is also moving towards the green object at a slower speed. * As both objects approach each other; they will continue their motion until they collide. * After colliding; both objects will change direction due to the collision's impulse momentum.  In this scenario; since the red object is moving towards the green object; it has a higher chance of making contact with the yellow region compared to Scene A. However; without precise velocity values or more detailed information about their masses and other physical properties; we cannot definitively conclude that Scene B will result in successful contact.  Scene C:  * The green object is moving away from the red object. * The red object remains stationary. * Since both objects are not converging towards each other; they will continue to move parallel to each other without any collision occurring. * As a result; there will be no contact between the red object and the yellow region in Scene C.  Scene D:  * The green object is moving perpendicular to the red object's initial position. * The red object is stationary. * Due to the perpendicular motion of the green object; it will not collide with the red object initially. * However; as time progresses; depending on their velocities and any external forces present (such as gravity); one or both objects may change direction and potentially make contact with each other.  Given this analysis; Scene A is the most likely to result in successful contact between the red object and the yellow region due to the initial conditions provided. The green object is moving towards the stationary red object; ensuring a collision will occur. While Scenes B and D also have potential for successful contact depending on various factors; these are less predictable without additional information about their motion characteristics.  **Final Result**  I predict that scene A will succeed.
288,4,Containment Scene,True,A,C,4,3,No,33.94,True_pilot-containment-multi-bowl-redyellow_0010_img.png,Reasoning:  **Scene A**  1. The green object is moving towards the red object. 2. The red object is initially stationary and at a higher altitude than the green object. 3. Since there are no visible obstacles or external forces affecting their motion; we can assume that gravity will play a significant role in determining their trajectory. 4. As the green object continues to move downwards; it will eventually collide with the red object due to their converging paths under the influence of gravity. 5. After the collision; both objects will continue moving together as a single entity until they reach the ground or encounter another obstacle.  **Scene B**  1. The green object is still moving towards the red object but at a slightly different angle than in Scene A. 2. Similar to Scene A; the red object remains stationary and higher than the green object. 3. Given their initial positions and velocities; it's likely that they will collide again due to gravity's influence on their motion. 4. Upon collision; both objects will continue moving together until they reach a new equilibrium state or encounter another obstacle.  **Scene C**  1. In this scenario; the red object is now positioned closer to the yellow region than in Scenes A and B. 2. The green object is still moving towards the red object but at a more shallow angle compared to the previous scenes. 3. Despite the change in angle; gravity will continue to influence their motion; and they are likely to collide due to their converging trajectories. 4. After colliding; both objects will move together until they reach the ground or encounter another obstacle.  **Scene D**  1. The green object has changed direction significantly compared to the previous scenes. 2. It is now moving away from the red object instead of towards it. 3. Given its new trajectory and the fact that there are no obstacles in their path; it's unlikely that they will collide with each other. 4. Instead; both objects will continue moving separately until they reach a new equilibrium state or encounter another obstacle.  Final Result: I predict that scene C will succeed.
289,1,Containment Scene,True,A,C,4,2,No,32.66,True_pilot-containment-bowl-redyellow_0013_img.png,Reasoning:  **Scene A Analysis**  * The green object is initially moving towards the red object. * As it approaches; its trajectory suggests a possible collision course with the yellow region. * However; due to the angle of incidence and the relatively slow speed of the green object; it's unlikely to directly hit the yellow region before colliding with the red object.  **Scene B Analysis**  * The green object is moving at an oblique angle towards the red object and the yellow region. * Given its trajectory and velocity; there's a higher likelihood that the green object will make contact with the yellow region first. * The red object appears to be in motion as well but seems to have less horizontal momentum compared to the green object.  **Scene C Analysis**  * In this scenario; the green object is moving directly towards the yellow region. * With its current trajectory and velocity; it's highly probable that the green object will make contact with the yellow region before colliding with the red object. * The red object seems to be on a parallel course but at a slower pace.  **Scene D Analysis**  * Here; the green object is moving towards both the red object and the yellow region but appears to have more horizontal momentum than in Scene A. * Given its trajectory; it's likely that the green object will collide with the red object first before reaching the yellow region.  Final Result: I predict that scene C will succeed.
290,2,Containment Scene,True,B,B,4,4,Yes,42.55,True_pilot-containment-bowl-redyellow_0013_img.png,**Reasoning**  To determine which initial scene is most likely to result in the red object making contact with the yellow region; we must analyze each scene step by step.  *   **Scene A**: The green object is moving towards the red object. Since there are no other obstacles or forces acting on the objects; they will continue their motion due to gravity and inertia.     *   As the green object approaches; it will eventually collide with the red object. After the collision; both objects will change direction based on the laws of conservation of momentum.     *   The red object's trajectory after the collision is crucial for determining contact with the yellow region.         *   If the collision results in a rebound that aligns the red object with the yellow region; it may make contact.         *   However; without precise calculations or additional data on the objects' masses and velocities; predicting this outcome accurately is challenging.     *   **Prediction for Scene A**: Yes  *   **Scene B**: Similar to Scene A; the green object is moving towards the red object. The analysis follows the same reasoning as before.     *   Collision occurs between the two objects.     *   Post-collision trajectory of the red object determines its potential contact with the yellow region.         *   If the collision results in a trajectory that brings the red object into alignment with the yellow region; it may make contact.         *   Without specific data on the objects' velocities and masses; predicting this outcome is speculative.     *   **Prediction for Scene B**: Yes  *   **Scene C**: In this scenario; the green object has already passed the midpoint between its starting position and where it will eventually collide with the red object. The red object's trajectory suggests that it is about to pass through or near the yellow region without a direct collision.     *   Analysis of the objects' velocities and masses would be necessary to determine if this scenario allows for contact with the yellow region; but based on visual inspection alone; it seems less likely compared to Scenes A and B.     *   **Prediction for Scene C**: No  *   **Scene D**: Similar to Scene C; the green object is farther along its trajectory towards the red object. The red object's path suggests a similar outcome as in Scene C; where direct contact with the yellow region seems unlikely without precise calculations of velocities and masses.     *   **Prediction for Scene D**: No  **Final Result**  I predict that scene B will succeed.
291,3,Containment Scene,True,D,A,4,3,No,36.21,True_pilot-containment-bowl-redyellow_0013_img.png,**Reasoning for Scene A**  In this scene; the green object is moving towards the red object. The trajectory of both objects suggests a collision course. However; upon closer inspection; it appears that the green object's path is slightly angled; and if it continues on its current trajectory; it will not directly hit the yellow region but rather pass above or beside it due to its horizontal movement component.  **Reasoning for Scene B**  Here; the green object has a more pronounced vertical component in its motion. It seems poised to collide with the red object; which is stationary. Given the direction and speed of the green object; there's a high likelihood that the collision will occur before it can reach the yellow region. The trajectory indicates a direct hit on the red object.  **Reasoning for Scene C**  In this scenario; both the green and red objects are in motion but appear to be moving away from each other horizontally. Given their initial positions and velocities; they seem unlikely to collide with the yellow region first; instead; they might pass by it or continue along their respective paths without making contact.  **Reasoning for Scene D**  For this scene; similar to Scene C; both objects are in motion but have a vertical component that suggests an eventual collision between them. However; given their initial positions and trajectories; it's less clear whether they will make contact with the yellow region before colliding with each other or continuing along their paths.  **Final Result**  Considering all scenes; **Scene B** presents the highest likelihood of success for the red object making contact with the yellow region due to the direct collision course between the green and red objects; which is more likely to occur than in any of the other scenarios described.
292,4,Containment Scene,True,C,C,4,4,Yes,32.55,True_pilot-containment-bowl-redyellow_0013_img.png,Reasoning:  **Scene A:**  * The green object is moving towards the red object. * The red object is stationary. * Gravity affects both objects; but since they are not colliding or interacting with any other force; their motion remains independent of each other for now. * As the green object continues its trajectory; it will eventually pass by the red object without making contact due to its initial direction and velocity.  **Scene B:**  * The green object is moving towards the red object at an angle. * The red object has some horizontal momentum but no vertical component of velocity since it's not falling or being pushed. * Considering their relative velocities and positions; there isn't a direct collision course set up in this configuration; thus; contact with the yellow region seems unlikely.  **Scene C:**  * The green object is moving directly towards the red object. * Both objects are initially at rest. * As soon as they start moving under gravity's influence; given their masses and initial conditions; they will accelerate downwards due to gravity. * Their paths might intersect at some point during free fall; but without additional forces or constraints; predicting an exact collision outcome becomes speculative. However; the setup suggests a potential for contact.  **Scene D:**  * The green object is moving away from the red object. * Both objects are stationary initially. * Given their initial conditions and lack of external forces causing them to accelerate towards each other; it's clear they won't collide or make contact with the yellow region since their trajectories diverge.  Final Result: I predict that scene C will succeed.
293,1,Containment Scene,True,B,D,4,2,No,37.25,True_pilot-containment-multi-bowl-redyellow_0023_img.png,**Reasoning:**  Scene A:  * The green object is moving towards the red object. * The red object is stationary and has a higher mass than the green object. * Due to gravity; both objects are accelerating downward at an equal rate of 9.8 m/s^2. * Since the green object has less mass; it will accelerate faster than the red object. * As the green object approaches the red object; their relative velocity increases. * Assuming no external forces (like air resistance); the collision between the two objects is purely elastic. * The collision will conserve momentum and kinetic energy.  In Scene A; given that the green object is moving towards the red object and there are no external forces acting on either object to change their trajectory; it's likely that they will collide. This collision would result in an exchange of momentum; with some of the velocity being transferred from one object to the other.  Scene B:  * The setup seems identical to Scene A. * However; without additional information or specific details about the masses or velocities involved; we can't definitively predict a different outcome than in Scene A.  Given the information provided for both scenes; it's reasonable to conclude that similar dynamics are at play. Thus; assuming no significant differences in mass or velocity between the objects in Scenes A and B; the likelihood of contact would be similar.  Scene C:  * The green object appears slightly higher up in its trajectory compared to Scenes A and B. * This could imply a slight difference in initial conditions (e.g.; starting height) but does not fundamentally alter the physics involved in the collision process described for Scenes A and B.  The dynamics of the system remain largely unchanged; with gravity being the primary force influencing the motion. Therefore; the likelihood of contact between the red and yellow regions remains similar to that observed in Scenes A and B; assuming no significant differences in mass or velocity.  Scene D:  * This scene shows both objects already in close proximity. * The green object is much closer to the red object than in Scenes A; B; and C. * Given their relative positions and assuming they maintain their current velocities (which are not specified but can be inferred from their locations); it's highly probable that a collision will occur shortly after this frame.  **Final Result:**  I predict that scene D will succeed.
294,2,Containment Scene,True,A,C,4,3,No,38.83,True_pilot-containment-multi-bowl-redyellow_0023_img.png,**Reasoning**  ### Scene A  * The green object is moving towards the red object; which is stationary. * Due to gravity and lack of external forces; both objects are subject to constant acceleration downwards. * As the green object approaches; its velocity increases due to the force of gravity. * Assuming no other factors affect their motion; the red object will continue moving downward at a constant rate determined by gravity and its initial velocity (if any). * The trajectory of the green object is influenced by its initial velocity and direction. If it has sufficient horizontal velocity; it might pass under or next to the red object. * Without more specific information about the green object's initial conditions or external forces affecting the scene; we can't predict with certainty whether they will collide. * However; based on typical dynamics in such scenarios; unless there are significant disparities in mass or if external forces are acting on one or both objects (not mentioned); it's likely the red object will not make contact with the yellow region due to gravity and potential horizontal motion of the green object.  ### Scene B  * Similar setup as Scene A but potentially different initial conditions for the green object. * Without explicit details on the green object's initial velocity and direction; we apply similar reasoning as in Scene A. * Assuming typical dynamics without additional forces or significant mass disparities affecting collision outcomes; it seems less likely that the red object will make contact with the yellow region compared to scenes where the green object's approach is more direct.  ### Scene C  * In this scene; the green object appears to be moving directly towards the red object. * Given no external forces mentioned and assuming typical physics apply; both objects are subject to gravity; which accelerates them downwards at 9.81 m/s^2 on Earth. * The red object remains stationary while the green object's trajectory is determined by its initial velocity and direction. * If the green object has sufficient horizontal velocity; it could pass under or next to the red object without collision. * However; if the initial conditions of the green object favor a direct path towards the red object and considering gravity alone; there's a higher likelihood that they will collide compared to scenarios where the green object's trajectory is less direct.  ### Scene D  * This scene shows a more complex setup with both objects having horizontal motion before any collision or near-miss event. * The dynamics of this scenario are influenced by the relative velocities and directions of both objects as well as gravity. * Given the potential for complex interactions; predicting the outcome requires detailed analysis of initial conditions and trajectories. Without specific information on these aspects; we can infer based on general principles that collisions or close calls are more probable in scenes with multiple moving components.  **Final Result**  Based on the descriptions provided and applying basic physical laws without additional assumptions; **Scene C** appears to have the highest likelihood of success because it presents a straightforward collision scenario where gravity alone determines motion unless external forces are mentioned. However; without explicit details on initial conditions or external influences; this conclusion is based on general principles rather than precise calculations.  Final Result: I predict that scene C will succeed.
295,3,Containment Scene,True,C,D,4,3,No,30.52,True_pilot-containment-multi-bowl-redyellow_0023_img.png,"**Reasoning**  To determine which initial scene is most likely to result in the red object making contact with the yellow region; we must analyze each scene step by step; focusing on the motion of the green object and the movement of the red object.  Scene A: * The green object is moving towards the red object. * As it moves; it will continue on its current trajectory due to inertia. * Since there's no force acting perpendicular to this direction (like friction or gravity); the green object won't change course. * If the red object doesn't move out of the way; collision is likely.  Scene B: * The green object is moving towards the red object but at a slower pace than in Scene A. * This slower speed means less momentum; making it more difficult for the objects to collide. * However; without additional forces affecting their motion (like friction or gravity); they will continue on their paths unless one object changes direction significantly. * Given no such change is observed; collision remains probable but less likely than in Scene A due to reduced momentum.  Scene C: * The green object has slowed down even further compared to Scenes A and B. * With even less momentum; the likelihood of a collision decreases further. * Similar to Scene B; without significant external forces altering their courses or one object changing direction drastically; they'll likely pass each other by.  Scene D: * In this scenario; the red object appears stationary while the green object moves towards it. * Given no force acts on the red object to change its position (such as gravity since both are presumably in a similar vertical plane); and considering the lack of any external influence pushing or pulling them apart; collision is highly probable.  **Final Result**  Considering these analyses; Scene D presents the highest likelihood of success for the red object making contact with the yellow region due to the green object's direct path towards it without observable forces altering their trajectories. Thus; while all scenarios suggest a potential collision based on current motion and lack of external influences; Scene D stands out as the most likely scenario where this event will occur.  Final Result: ""I predict that scene D will succeed."""
296,4,Containment Scene,True,D,C,4,3,No,31.58,True_pilot-containment-multi-bowl-redyellow_0023_img.png,**Step 1: Analyze Scene A**  In Scene A; the green object is moving towards the red object. The trajectory of the green object suggests a collision course with the red object. Since there's no stickiness between objects and they move freely according to physical laws; if the green object maintains its current path; it will likely collide with the red object.  **Step 2: Analyze Scene B**  Scene B shows the green object still moving towards the red object but at a slightly different angle than in Scene A. This change in trajectory might affect the outcome of the collision. However; without additional information on the mass or velocity differences between objects; it's challenging to predict the exact outcome with certainty.  **Step 3: Analyze Scene C**  In Scene C; the green object is positioned closer to the yellow region than in Scenes A and B. Given its proximity to the yellow area and assuming no significant change in trajectory; this setup has a higher likelihood of resulting in contact between the red object and the yellow region compared to the other scenes.  **Step 4: Analyze Scene D**  Scene D presents a scenario where the green object is moving away from both the red object and the yellow region. Without any indication that it will change direction or speed; this setup appears less conducive to an interaction between the red object and the yellow region compared to Scenes A; B; and C.  **Conclusion**  Based on the analysis of each scene's trajectory and potential for collision or contact; Scene C offers the most favorable conditions for the red object to make contact with the yellow region. This is because the green object in Scene C is already positioned closer to the yellow area; increasing the likelihood of a collision between the objects involved.  **Final Result**  I predict that scene C will succeed.
297,1,Containment Scene,True,D,D,4,4,Yes,34.93,True_pilot-containment-cone-plate-redyellow_0008_img.png,**Reasoning**  ### Scene A  * The green object is moving towards the red object. * The red object appears to be stationary or moving away from the yellow region. * If the trajectory of the green object continues; it will likely pass by the red object without making contact with the yellow region.  ### Scene B  * The green object is still moving towards the red object. * However; its velocity and direction suggest that it might not intersect with the yellow region if its trajectory remains unchanged. * There's a slight chance of collision if the green object decelerates or changes direction slightly before reaching the red object.  ### Scene C  * The green object has already passed by the red object and is now moving away from both objects. * Given its current velocity and direction; it seems unlikely that the green object will make contact with the yellow region in this scenario. * If anything; the red object might end up in a position where it could potentially interact with the yellow region.  ### Scene D  * The green object is positioned near the red object but appears to be decelerating or changing direction. * Its path suggests that it may not intersect with the yellow region unless its velocity increases or it changes course significantly. * This scenario presents an opportunity for the red object to interact with the yellow region depending on how the motion of both objects unfolds.  **Final Result**  Based on these analyses; Scene D appears to have the highest likelihood of success in terms of the red object making contact with the yellow region. The deceleration or change in direction of the green object creates a window for the red object's trajectory to intersect with the yellow region if its motion remains unchanged. Therefore:  I predict that scene D will succeed.
298,2,Containment Scene,True,A,A,4,4,Yes,35.01,True_pilot-containment-cone-plate-redyellow_0008_img.png,To determine which initial scene is most likely to result in the red object making contact with the yellow region; we need to analyze each scene step by step.  Scene A: The green object is moving towards the red object. The trajectory of the green object suggests that it will continue to move downwards and eventually collide with the red object. Since the red object is stationary; it will not be able to avoid the collision. Therefore; based on this analysis; I predict that scene A will succeed.  Scene B: In this scenario; the green object has already passed the red object and is moving away from it. The red object remains stationary at the top of the frame. Given the current positions and trajectories of both objects; it appears unlikely that they will make contact with each other in the near future. Therefore; based on this analysis; I predict that scene B will not succeed.  Scene C: Similar to Scene A; the green object is also moving towards the red object in Scene C. However; the trajectory of the green object looks slightly more horizontal compared to Scene A. This might suggest a slight delay or deviation from the direct collision path observed in Scene A. Nevertheless; given the initial positions and velocities; it's still plausible that the two objects will collide at some point during their motion under gravity. Therefore; based on this analysis; I predict that scene C will succeed.  Scene D: In Scene D; both the green object and the red object are moving towards each other but appear to be following similar trajectories. However; upon closer inspection; it seems like the green object is slightly ahead of the red object in its downward motion. This slight difference in their vertical velocities suggests that they might not collide directly with each other as predicted in Scenes A and C. Instead; they might pass by or potentially bounce off each other due to their similar horizontal components of velocity. Therefore; based on this analysis; I predict that scene D will not succeed.  **Final Result:** I predict that scene A will succeed.
299,3,Containment Scene,True,C,A,4,3,No,35.83,True_pilot-containment-cone-plate-redyellow_0008_img.png,**Reasoning**  To determine which initial scene is most likely to result in the red object making contact with the yellow region; we need to analyze each scene step by step.  *   **Scene A**: The green object is moving towards the red object. Assuming a constant velocity for simplicity; and considering gravity affects both objects equally; they will continue on their respective paths. Since the trajectory of the red object does not intersect with the yellow region; it seems unlikely to make contact. *   **Scene B**: Similar to Scene A; the green object is heading towards the red object. Without explicit information on velocities or accelerations beyond gravity; we assume both objects maintain constant speeds in their respective directions (assuming no other forces act upon them). Given this; there's a slight chance of the yellow region being intersected if the trajectory of the red object changes due to external influences not visible here. *   **Scene C**: In this scenario; the green object is already quite close to the red object. Without knowing their exact velocities or whether they are moving at the same speed towards each other; it's challenging to predict with certainty. However; given the proximity and assuming no significant external forces; there's a higher likelihood of contact compared to Scenes A and B. *   **Scene D**: Here; the green object is positioned such that its path could potentially intersect with both the red object and the yellow region. Given the positioning and assuming similar dynamics as before (constant speeds without additional forces); this scenario presents a more direct collision course between the objects involved.  **Final Result**  Considering the above analysis; **Scene D** appears to have the highest likelihood of success; where the red object is most likely to make contact with the yellow region due to its trajectory placing it directly in line for potential impact upon further motion.
300,4,Containment Scene,True,B,A,4,1,No,36.02,True_pilot-containment-cone-plate-redyellow_0008_img.png,**Reasoning**  To determine whether the red object will make contact with the yellow region in each scene; we need to analyze the initial positions and velocities of all objects involved. Since there are no forces or constraints preventing the motion of these objects; they will follow a path determined by their initial conditions.  *   In Scene A:     *   The green object is moving towards the red object.     *   The red object is stationary.     *   Given that there are no external forces to stop or alter their paths; it's likely that the green object will collide with the red object before reaching the yellow region due to its trajectory and the red object's stationary position. *   In Scene B:     *   Similar to Scene A; the initial conditions suggest a collision between the green and red objects is imminent.     *   The likelihood of contact with the yellow region seems low as the primary interaction is expected between the two colored objects. *   In Scene C:     *   Here; the green object appears to be on a trajectory that bypasses both the red object and the yellow region.     *   Without any external forces or obstacles mentioned; it's reasonable to conclude that the red object will not make contact with the yellow region in this scenario. *   In Scene D:     *   The setup here is different from the others; the green object seems to be positioned such that it could potentially skip over both the red object and the yellow region based on its trajectory.     *   Given the absence of forces to alter its path; it's plausible that the red object will not make contact with the yellow region in this scenario.  **Final Result**  I predict that scene A will succeed.
